31	9
31	10
31	13
31	14
31	19
35	7
35	8
35	9
35	10
35	13
35	15
35	19
36	9
37	9
37	10
37	12
37	18
37	19
41	19
42	19
44	19
46	19
49	19
53	19
60	19
61	19
62	19
64	19
65	19
66	19
68	19
70	19
71	19
72	19
73	19
75	19
76	7
76	8
76	9
76	10
76	12
76	14
76	18
76	19
78	19
83	13
83	19
85	19
87	19
88	19
90	18
96	19
97	19
100	13
100	15
100	18
100	19
101	9
101	10
101	13
101	15
101	18
101	19
102	9
102	10
102	13
102	19
105	9
107	6
114	5
117	5
118	5
120	5
121	5
122	5
123	5
124	5
125	5
126	5
130	19
132	19
133	19
134	19
135	19
136	19
137	19
139	19
140	19
141	19
142	19
145	13
163	13
163	19
166	13
178	9
179	19
180	13
183	19
184	19
185	12
185	19
187	12
187	19
189	19
192	9
192	12
192	13
192	14
192	19
202	19
205	13
206	19
239	19
241	7
241	8
241	9
241	13
241	14
241	19
242	19
247	9
251	12
251	13
251	19
256	19
260	9
260	10
261	9
261	10
261	19
270	5
271	5
272	5
273	5
274	5
275	5
280	19
284	19
288	19
289	19
290	19
292	19
296	19
297	9
297	10
297	13
297	14
297	19
299	19
304	9
304	10
304	12
304	18
304	19
305	19
309	13
309	19
310	7
310	8
310	9
310	10
310	12
310	13
310	14
310	18
310	19
313	19
314	19
315	19
320	18
321	5
322	13
323	15
328	19
329	19
334	19
342	9
342	19
344	19
346	19
347	19
348	19
349	19
351	13
353	19
354	19
376	19
377	19
378	19
379	19
387	19
388	13
389	13
404	19
405	19
406	19
407	19
408	19
409	19
410	19
411	19
419	19
432	19
461	13
519	19
520	13
526	19
527	19
539	19
540	19
541	19
542	19
543	19
544	19
545	19
548	19
549	19
550	19
551	19
555	19
556	19
557	19
560	19
561	19
562	19
572	7
572	8
572	12
572	13
572	18
572	19
573	15
597	19
598	19
600	13
606	13
606	19
610	13
618	13
630	13
630	19
631	19
648	19
664	9
664	10
664	12
664	18
664	19
669	19
670	19
672	6
672	7
672	8
672	18
672	19
686	13
740	19
741	19
742	19
744	6
744	7
744	8
744	9
744	10
744	12
744	18
755	19
772	19
808	19
826	6
826	9
826	10
826	12
826	18
827	19
828	19
856	6
859	19
860	19
862	19
926	19
999	19
1009	19
1010	19
1014	18
1016	19
1023	8
1027	16
1035	19
1036	19
1039	19
1041	19
1042	9
1043	19
1044	9
1046	19
1048	19
1049	19
1051	19
1055	19
1056	9
1056	10
1056	12
1056	19
1065	13
1069	6
1069	19
1070	9
1088	6
1088	9
1088	13
1088	14
1088	19
1089	12
1089	13
1089	14
1089	19
1090	19
1093	19
1104	19
1105	19
1106	19
1107	19
1108	19
1110	19
1111	9
1118	19
1142	9
1190	19
1191	19
1192	19
1193	19
1194	19
1195	19
1230	19
1231	19
1232	19
1241	19
1244	19
1245	19
1272	19
1287	13
1328	13
1383	13
1383	19
1394	13
1394	19
1399	19
1408	19
1409	19
1410	19
1411	19
1412	19
1414	13
1414	19
1415	19
1424	13
1439	19
1440	19
1441	19
1474	9
1553	19
1560	13
1560	19
1599	19
1683	15
1683	18
1872	9
1872	10
1872	12
1872	13
2327	6
2328	6
2329	6
2446	9
2446	10
2446	14
2446	19
2461	9
2461	10
2891	7
2891	8
2891	9
2891	10
2891	12
2891	13
2891	14
2891	18
2891	19
2893	9
2893	12
2893	13
2893	14
2893	19
2894	7
2894	8
2894	9
2894	10
2894	14
2894	18
2894	19
2895	19
2897	19
2898	9
2898	13
2898	14
2898	18
2901	19
2905	19
2906	19
2907	19
2912	12
2912	19
2915	19
2916	14
2916	19
2918	18
2920	18
2929	18
2929	19
2930	19
2932	19
2933	19
2935	19
2936	18
2936	19
2947	7
2947	8
2947	9
2947	10
2947	14
2947	18
2947	19
2948	19
2949	19
2950	19
2952	9
2952	10
2952	18
2952	19
2957	13
2957	19
2959	13
2960	9
2960	10
2960	18
2960	19
2961	19
2962	19
2963	19
2965	18
2965	19
2967	7
2967	8
2967	9
2967	10
2967	13
2967	15
2967	18
2967	19
2968	19
2974	9
2974	10
2974	18
2977	19
2979	19
2982	19
2983	19
2984	7
2984	8
2984	12
2984	13
2984	14
2984	19
2989	13
2994	9
2994	10
2994	18
2994	19
3013	7
3013	8
3013	9
3013	12
3013	13
3013	14
3013	18
3013	19
3017	19
3022	19
3024	19
3030	19
3032	9
3032	19
3042	19
3057	9
3057	13
3058	9
3058	13
3058	14
3058	19
3059	19
3060	19
3064	19
3071	19
3072	19
3074	19
3075	19
3076	19
3078	19
3079	19
3081	9
3081	19
3082	9
3082	19
3083	19
3086	19
3088	19
3089	19
3090	19
3091	19
3092	19
3093	19
3094	19
3095	19
3096	19
3097	19
3098	19
3100	19
3101	19
3102	19
3103	19
3104	19
3105	19
3107	19
3108	19
3110	19
3112	19
3113	19
3114	19
3115	19
3116	19
3117	19
3118	19
3119	19
3120	19
3122	19
3123	19
3127	19
3128	19
3129	19
3130	19
3131	19
3132	19
3133	19
3135	19
3137	19
3138	19
3139	19
3140	19
3141	19
3143	19
3147	19
3148	7
3148	8
3148	9
3148	10
3148	13
3148	15
3148	19
3155	7
3155	8
3155	9
3155	10
3155	15
3155	18
3155	19
3157	13
3157	19
3158	19
3159	19
3160	19
3162	19
3163	19
3164	19
3165	19
3167	19
3168	19
3169	19
3171	19
3173	19
3174	19
3175	19
3176	19
3177	19
3178	19
3179	19
3180	19
3182	19
3183	19
3184	19
3185	19
3186	19
3187	19
3188	19
3189	19
3192	19
3194	19
3195	19
3196	19
3197	19
3199	19
3200	19
3201	19
3203	19
3204	19
3205	19
3206	19
3207	19
3208	19
3209	19
3210	9
3210	19
3211	19
3212	19
3213	19
3214	19
3215	19
3216	19
3217	19
3218	19
3219	19
3220	19
3221	19
3222	19
3223	19
3225	19
3227	19
3228	19
3230	19
3231	12
3231	13
3231	19
3232	19
3233	9
3233	19
3234	19
3235	19
3236	19
3237	19
3238	19
3239	19
3240	19
3241	19
3242	19
3244	19
3245	19
3247	9
3247	19
3248	19
3249	19
3250	19
3251	19
3252	19
3253	19
3254	19
3255	19
3256	19
3257	19
3258	19
3259	19
3260	19
3261	19
3262	19
3263	19
3264	19
3265	19
3266	19
3267	19
3270	9
3270	19
3271	19
3273	19
3275	19
3276	19
3277	19
3280	19
3281	19
3282	9
3282	19
3283	19
3284	19
3285	19
3286	19
3287	19
3288	19
3289	19
3290	19
3291	19
3292	19
3293	19
3295	19
3296	19
3297	19
3301	19
3304	19
3305	19
3307	19
3308	19
3309	19
3310	19
3311	19
3313	19
3314	19
3315	19
3316	19
3317	19
3318	19
3319	19
3320	9
3320	19
3321	19
3322	19
3323	19
3324	19
3325	19
3328	19
3329	19
3330	19
3331	19
3336	19
3337	19
3339	19
3340	19
3341	19
3342	19
3344	19
3345	19
3346	19
3347	19
3348	13
3348	19
3349	19
3350	19
3351	19
3352	19
3353	19
3354	19
3355	19
3356	19
3358	19
3359	19
3360	19
3361	19
3362	19
3363	19
3364	19
3365	19
3366	19
3367	19
3370	19
3371	19
3372	19
3373	20
3375	19
3376	19
3378	19
3379	19
3380	19
3384	19
3385	9
3385	19
3387	19
3389	19
3393	19
3394	19
3395	19
3396	19
3397	19
3398	19
3399	19
3400	19
3401	19
3402	19
3405	19
3410	19
3417	19
3432	9
3432	10
3432	14
3435	19
3436	19
3441	19
3442	19
3446	19
3447	19
3450	19
3451	19
3455	19
3456	19
3458	19
3462	7
3462	8
3462	9
3462	10
3462	12
3462	13
3462	14
3462	18
3466	19
3467	19
3468	19
3469	19
3473	19
3474	19
3476	19
3478	7
3478	8
3478	9
3478	10
3478	12
3478	13
3478	14
3478	18
3478	19
3481	19
3482	19
3483	19
3493	19
3494	19
3496	19
3500	19
3501	19
3503	7
3503	8
3503	9
3503	10
3503	12
3503	13
3503	18
3503	19
3504	19
3505	9
3505	19
3511	19
3512	19
3513	19
3514	19
3515	19
3517	19
3518	19
3519	19
3521	19
3522	19
3523	19
3525	19
3527	19
3528	19
3529	19
3530	19
3531	19
3534	19
3535	19
3536	19
3537	19
3538	19
3539	19
3540	19
3542	19
3544	19
3545	19
3546	19
3547	19
3548	19
3550	19
3551	19
3552	19
3553	19
3554	19
3555	19
3556	19
3557	19
3558	19
3559	19
3560	19
3561	19
3562	19
3563	19
3564	19
3565	19
3566	19
3567	19
3568	19
3569	19
3570	19
3571	19
3572	19
3573	19
3574	19
3575	19
3576	19
3577	19
3578	19
3580	19
3581	19
3589	19
3591	19
3592	9
3592	12
3592	14
3592	19
3593	7
3593	8
3593	9
3593	10
3593	13
3593	15
3593	19
3595	7
3595	8
3595	9
3595	10
3595	12
3595	13
3595	18
3595	19
3599	19
3600	19
3601	19
3602	19
3603	19
3604	19
3607	19
3608	19
3609	19
3610	19
3611	19
3612	19
3613	19
3614	19
3615	19
3616	19
3617	19
3618	19
3619	19
3620	19
3621	19
3622	19
3623	19
3624	19
3625	19
3627	19
3633	19
3635	19
3636	19
3640	19
3653	19
3654	19
3655	19
3656	19
3657	19
3658	9
3659	19
3660	19
3661	19
3662	19
3663	19
3664	19
3665	19
3667	19
3668	19
3671	19
3672	19
3673	19
3674	19
3675	19
3676	19
3677	19
3678	19
3679	19
3680	19
3681	19
3682	19
3685	19
3687	19
3688	19
3690	19
3691	19
3692	19
3693	19
3694	19
3695	19
3696	19
3698	19
3699	13
3699	19
3701	19
3702	19
3704	19
3705	19
3706	19
3707	19
3714	19
3716	19
3717	19
3718	19
3719	19
3720	9
3720	10
3720	12
3720	14
3720	18
3720	19
3721	19
3722	19
3723	19
3725	19
3726	19
3727	19
3728	19
3729	19
3730	19
3731	19
3732	19
3733	19
3737	19
3738	19
3739	19
3740	19
3741	19
3743	19
3744	19
3745	19
3746	19
3747	19
3748	19
3749	19
3751	19
3752	19
3753	19
3754	19
3755	19
3756	19
3758	19
3761	19
3763	19
3767	19
3768	19
3770	20
3771	19
3772	19
3773	19
3774	19
3776	19
3777	19
3778	19
3780	19
3781	19
3782	19
3783	19
3787	19
3788	19
3790	19
3791	19
3792	19
3793	19
3794	19
3795	19
3796	19
3797	19
3798	19
3799	19
3800	19
3801	19
3802	19
3803	19
3804	19
3805	9
3805	19
3807	9
3807	19
3808	9
3808	19
3810	7
3810	8
3810	9
3810	10
3810	13
3810	14
3810	18
3810	19
3814	7
3814	9
3814	10
3814	14
3814	19
3817	9
3818	19
3819	9
3819	19
3820	19
3821	19
3822	19
3823	19
3824	19
3825	19
3826	19
3827	19
3828	19
3829	19
3830	19
3831	19
3832	19
3833	19
3834	19
3835	19
3836	19
3838	19
3840	19
3842	19
3843	19
3845	19
3846	19
3847	19
3852	19
3853	19
3856	19
3857	19
3858	7
3858	8
3858	12
3858	19
3859	19
3860	19
3868	19
3871	19
3889	19
3890	19
3891	19
3895	19
3897	19
3898	19
3901	19
3902	19
3905	19
3906	19
3907	19
3909	19
3911	19
3912	19
3913	19
3914	19
3915	19
3918	19
3919	19
3921	19
3922	19
3923	19
3924	19
3925	19
3926	19
3927	19
3928	19
3929	19
3930	19
3931	19
3932	19
3934	19
3935	19
3936	19
3937	19
3938	9
3938	19
3939	19
3940	19
3941	9
3944	19
3945	19
3946	19
3947	19
3949	19
3951	19
3953	19
3954	19
3957	19
3958	19
3960	19
3961	19
3962	19
3963	19
3964	19
3966	19
3967	19
3968	19
3970	19
3971	19
3972	13
3972	19
3973	19
3974	9
3974	19
3975	19
3976	19
3977	19
3978	20
3979	12
3979	19
3980	19
3981	19
3982	19
3983	19
3984	19
3985	19
3986	19
3987	19
3988	19
3989	19
3990	19
3991	19
3992	19
3993	19
3994	19
3995	19
3996	19
3997	19
3998	19
3999	19
4000	19
4001	19
4005	19
4008	19
4009	19
4010	19
4011	19
4012	19
4013	19
4014	19
4015	19
4016	19
4017	19
4018	19
4019	19
4020	19
4021	19
4024	19
4029	19
4030	19
4032	19
4033	7
4033	8
4033	9
4033	10
4033	13
4033	14
4033	18
4033	19
4034	9
4034	12
4034	14
4034	19
4035	9
4047	19
4054	9
4056	9
4056	13
4056	14
4056	19
4086	9
4090	9
4090	19
4092	19
4129	19
4157	19
4164	19
4173	7
4173	8
4173	9
4173	10
4173	12
4173	14
4173	19
4174	9
4199	9
4203	19
4206	9
4206	19
4208	7
4208	8
4208	9
4208	10
4208	12
4208	13
4208	14
4208	18
4210	19
4211	19
4214	7
4214	8
4214	9
4214	10
4214	14
4214	18
4219	19
4240	19
4248	9
4248	18
4248	19
4252	9
4259	19
4267	19
4268	9
4281	9
4293	9
4294	9
4309	9
4310	9
4323	9
4338	9
4339	9
4344	9
4346	19
4348	13
4348	19
4356	7
4356	8
4356	9
4356	10
4356	13
4356	14
4356	18
4356	19
4357	19
4358	19
4359	19
4373	7
4373	8
4373	9
4373	12
4373	13
4373	14
4373	19
4374	19
4387	19
4388	19
4390	19
4394	19
4396	19
4399	19
4401	19
4405	19
4406	19
4408	19
4410	19
4413	19
4417	19
4419	19
4422	19
4425	19
4428	19
4431	19
4432	19
4433	9
4433	10
4433	18
4433	19
4437	19
4439	19
4440	19
4441	19
4443	19
4447	19
4453	19
4454	19
4463	19
4464	19
4467	19
4468	19
4470	19
4471	19
4472	19
4479	19
4481	19
4484	19
4486	19
4487	19
4489	19
4490	19
4493	19
4494	19
4495	19
4496	19
4501	19
4503	19
4504	19
4505	19
4508	19
4509	19
4510	19
4523	19
4528	13
4528	18
4533	16
4539	9
4541	6
4541	13
4541	14
4541	19
4544	13
4544	19
4551	19
4553	12
4553	19
4554	19
4555	19
4557	19
4561	9
4561	19
4565	9
4568	19
4569	19
4570	19
4574	19
4576	9
4576	19
4579	19
4580	9
4580	19
4583	19
4584	19
4585	19
4589	19
4590	13
4590	19
4594	13
4604	7
4604	8
4604	9
4604	10
4604	18
4608	7
4608	8
4608	9
4608	10
4608	12
4608	13
4608	14
4608	18
4608	19
4612	10
4612	18
4620	9
4620	10
4620	14
4655	19
4657	9
4657	10
4657	14
4660	7
4660	8
4660	9
4660	10
4660	12
4660	13
4660	14
4660	18
4660	19
4663	9
4663	10
4663	14
4663	19
4664	7
4664	8
4664	18
4664	19
4666	19
4668	19
4673	7
4673	8
4673	9
4673	10
4673	12
4673	13
4673	14
4673	18
4674	9
4674	10
4674	14
4681	13
4684	8
4684	9
4684	10
4684	12
4684	14
4684	18
4684	19
4692	9
4692	10
4692	14
4695	19
4698	13
4698	19
4699	19
4704	12
4704	13
4717	13
4730	7
4730	8
4730	9
4730	10
4730	12
4730	13
4730	18
4730	19
4733	13
4761	7
4761	8
4761	9
4761	10
4761	13
4761	14
4761	18
4763	13
4768	8
4768	18
4772	13
4782	19
4794	9
4794	10
4794	13
4794	14
4798	19
4805	4
4805	5
4807	13
4816	13
4816	19
4818	7
4818	8
4818	9
4818	10
4818	12
4818	13
4818	14
4818	18
4842	19
4843	9
4843	10
4844	13
4846	8
4846	9
4846	10
4846	18
4862	13
4862	19
4867	13
4872	13
4878	7
4878	8
4878	9
4878	10
4878	12
4878	13
4878	14
4878	18
4878	19
4901	13
4912	13
4913	13
4916	13
4939	9
4939	10
4939	13
4941	8
4941	13
4941	18
4945	13
4946	7
4946	8
4946	18
4949	13
4952	19
4955	19
4958	19
4959	19
4965	13
4965	19
4967	13
4967	19
4976	19
4980	7
4980	8
4980	9
4980	10
4980	12
4980	13
4980	14
4980	15
4980	18
4980	19
4981	13
4981	19
4982	19
4983	19
4984	19
4985	19
4986	19
4987	19
4988	19
4989	19
4990	19
4991	19
4992	19
4993	19
4994	19
4995	19
4996	19
4997	19
4998	19
4999	19
5000	19
5001	19
5002	19
5003	19
5004	19
5005	19
5006	19
5007	19
5008	19
5009	19
5010	19
5011	19
5012	19
5013	19
5014	19
5015	19
5016	19
5017	19
5018	19
5019	19
5020	19
5021	19
5022	19
5023	19
5024	19
5025	19
5026	19
5027	19
5028	19
5029	19
5030	19
5031	19
5032	19
5033	19
5034	19
5035	19
5039	19
5041	19
5042	19
5043	19
5044	19
5045	19
5046	19
5047	19
5048	19
5049	19
5050	19
5051	19
5052	19
5053	19
5054	19
5055	19
5056	19
5057	19
5058	19
5059	19
5060	19
5061	19
5062	19
5063	19
5064	19
5065	19
5066	19
5067	19
5068	13
5068	19
5069	19
5070	19
5071	19
5072	19
5073	19
5074	19
5075	19
5076	19
5078	19
5079	19
5081	19
5082	19
5083	13
5083	19
5084	13
5084	19
5085	19
5086	19
5087	19
5088	19
5090	19
5091	19
5092	8
5092	9
5092	10
5092	12
5092	13
5092	14
5092	15
5092	18
5092	19
5093	19
5094	19
5095	19
5096	19
5097	19
5099	19
5100	19
5101	19
5102	19
5103	19
5104	19
5105	19
5106	19
5107	19
5108	19
5109	19
5110	13
5110	19
5111	13
5111	19
5112	19
5113	19
5114	19
5115	19
5117	12
5117	19
5118	7
5118	8
5118	9
5118	10
5118	12
5118	13
5118	18
5118	19
5119	19
5120	13
5120	19
5125	19
5127	19
5129	12
5129	19
5130	19
5132	19
5134	19
5137	19
5143	19
5145	19
5146	13
5146	14
5146	19
5147	19
5148	19
5149	19
5151	19
5152	19
5153	19
5154	19
5155	19
5156	19
5157	19
5158	19
5159	19
5160	19
5161	19
5163	19
5164	19
5166	19
5169	19
5171	19
5172	19
5173	19
5174	19
5175	19
5176	19
5177	19
5178	19
5179	19
5180	19
5181	19
5182	19
5183	19
5184	19
5185	19
5186	19
5187	19
5188	19
5189	19
5190	19
5191	19
5192	19
5193	19
5194	19
5195	19
5196	19
5197	19
5198	19
5199	19
5200	19
5201	19
5202	19
5203	19
5205	19
5208	19
5209	9
5209	10
5209	12
5209	18
5209	19
5210	19
5211	19
5212	19
5213	19
5215	19
5216	19
5217	19
5218	19
5219	19
5220	19
5221	19
5222	19
5223	19
5224	19
5225	19
5226	19
5227	19
5228	19
5229	19
5230	19
5231	19
5233	19
5234	19
5235	19
5236	19
5237	19
5238	19
5239	19
5240	19
5241	19
5242	19
5243	19
5244	19
5245	19
5246	19
5247	19
5248	19
5249	19
5250	19
5251	19
5252	19
5253	19
5256	19
5257	19
5260	19
5263	19
5264	19
5267	19
5268	19
5269	19
5270	7
5270	8
5270	9
5270	10
5270	12
5270	13
5270	14
5270	19
5271	19
5273	19
5274	13
5274	19
5276	19
5277	19
5278	19
5279	19
5280	19
5281	19
5282	19
5283	19
5284	13
5284	19
5285	19
5286	19
5288	19
5289	13
5289	15
5289	18
5289	19
5290	19
5291	19
5292	19
5293	19
5294	19
5295	19
5296	19
5297	19
5298	19
5301	19
5302	19
5303	19
5304	19
5305	19
5306	19
5308	19
5309	19
5310	19
5311	13
5311	19
5312	19
5313	19
5314	19
5315	19
5317	15
5317	18
5317	19
5320	19
5321	19
5322	19
5323	19
5324	13
5326	18
5327	15
5327	18
5348	7
5348	12
5348	15
5348	19
5349	18
5349	19
5350	13
5350	18
5350	19
5351	15
5351	19
5357	18
5357	19
5366	19
5367	19
5370	19
5375	19
5381	13
5381	19
5382	9
5382	10
5382	18
5382	19
5384	9
5384	10
5384	15
5384	19
5385	19
5386	18
5386	19
5387	19
5388	19
5396	7
5396	8
5396	9
5396	10
5396	12
5396	13
5396	14
5396	19
5397	18
5397	19
5398	18
5398	19
5399	19
5400	18
5400	19
5401	18
5401	19
5402	19
5403	19
5404	19
5405	19
5406	19
5407	19
5408	19
5409	19
5410	19
5411	19
5412	19
5413	19
5414	19
5415	19
5416	19
5417	19
5418	19
5419	19
5420	19
5421	19
5424	19
5425	19
5426	19
5427	19
5428	19
5429	19
5430	19
5431	19
5434	9
5434	10
5434	15
5434	19
5436	19
5438	7
5438	8
5438	9
5438	10
5438	13
5438	14
5438	19
5439	19
5441	18
5441	19
5442	19
5443	18
5443	19
5444	19
5445	19
5446	19
5447	19
5448	19
5449	19
5450	19
5451	19
5452	19
5453	19
5454	19
5456	19
5457	19
5459	15
5459	18
5459	19
5460	19
5461	19
5463	19
5464	19
5465	19
5466	19
5468	19
5470	18
5470	19
5471	19
5472	19
5473	19
5474	19
5476	19
5478	19
5480	19
5481	19
5482	19
5483	19
5484	9
5484	13
5484	19
5485	19
5487	9
5487	19
5488	18
5488	19
5492	19
5493	19
5494	19
5495	13
5495	19
5496	7
5496	9
5496	10
5496	12
5496	15
5496	18
5496	19
5497	19
5498	19
5499	19
5500	19
5501	19
5502	19
5503	19
5504	19
5505	19
5506	19
5507	19
5508	19
5509	19
5510	19
5511	19
5512	19
5513	19
5514	19
5515	19
5516	19
5517	19
5518	19
5519	19
5520	19
5521	19
5522	19
5523	19
5524	19
5525	19
5526	19
5527	19
5528	19
5529	19
5530	19
5531	19
5532	19
5533	19
5534	19
5535	19
5536	19
5537	19
5538	19
5539	19
5540	19
5541	19
5542	19
5543	19
5544	19
5545	19
5546	19
5547	19
5548	19
5549	19
5550	19
5551	19
5552	19
5553	19
5554	19
5555	19
5556	19
5558	19
5559	19
5560	19
5562	19
5567	19
5568	19
5569	19
5570	19
5571	19
5572	19
5573	19
5574	19
5575	19
5576	19
5577	19
5578	19
5579	19
5580	9
5580	10
5580	15
5580	18
5580	19
5602	7
5602	8
5602	9
5602	10
5602	12
5602	13
5602	14
5602	15
5602	18
5602	19
5604	8
5604	9
5604	10
5604	13
5604	14
5604	18
5604	19
5605	19
5606	19
5607	19
5608	19
5609	19
5610	19
5611	19
5612	19
5613	19
5614	19
5615	19
5616	19
5617	19
5618	19
5619	19
5620	19
5621	19
5622	19
5623	19
5624	19
5625	19
5626	19
5627	19
5628	19
5629	19
5630	19
5631	19
5632	19
5633	13
5633	19
5635	19
5636	19
5637	19
5638	19
5639	19
5640	19
5641	19
5642	19
5643	19
5644	19
5645	19
5646	19
5647	19
5648	19
5649	19
5650	19
5651	19
5652	19
5653	19
5654	19
5655	19
5656	19
5657	19
5658	19
5659	19
5660	19
5661	19
5662	19
5663	19
5664	19
5666	19
5676	19
5681	19
5684	19
5685	19
5690	19
5691	19
5692	19
5694	13
5694	19
5697	19
5698	19
5699	13
5699	19
5701	19
5702	13
5702	19
5703	19
5704	19
5705	19
5706	19
5707	19
5708	19
5709	19
5710	19
5711	19
5712	19
5713	19
5714	19
5715	19
5716	19
5717	19
5718	19
5719	19
5721	19
5722	19
5723	19
5724	19
5726	19
5727	7
5727	8
5727	13
5727	15
5727	18
5727	19
5728	19
5729	19
5730	19
5731	19
5732	19
5734	19
5736	19
5737	19
5738	19
5739	19
5740	19
5741	19
5742	19
5743	19
5744	19
5745	19
5746	19
5747	19
5748	19
5749	19
5750	19
5751	19
5752	19
5753	13
5753	19
5754	19
5755	19
5756	19
5757	19
5758	19
5759	19
5763	19
5767	9
5767	13
5767	19
5769	19
5770	12
5770	13
5770	19
5771	19
5772	19
5773	7
5773	8
5773	9
5773	10
5773	12
5773	13
5773	14
5773	19
5774	12
5774	13
5774	18
5774	19
5775	19
5776	19
5777	19
5779	19
5780	19
5781	13
5781	19
5782	19
5783	19
5785	19
5786	19
5787	19
5788	19
5789	19
5790	19
5791	19
5795	19
5796	19
5797	13
5801	19
5805	19
5807	19
5811	19
5812	19
5822	19
5824	19
5825	19
5826	19
5828	19
5829	19
5831	13
5831	18
5831	19
5832	19
5833	19
5834	13
5834	18
5834	19
5835	18
5835	19
5837	19
5840	19
5841	19
5842	19
5846	19
5847	19
5848	19
5849	18
5849	19
5861	18
5861	19
5865	19
5872	9
5872	10
5872	15
5873	9
5873	10
5873	13
5873	15
5885	4
5885	5
5885	13
5885	19
5892	12
5892	19
5899	19
5903	13
5904	6
5904	7
5904	8
5904	9
5904	10
5904	12
5904	14
5904	19
5917	18
5917	19
5921	18
5921	19
5922	19
5925	18
5925	19
5926	19
5927	19
5935	19
5938	19
5939	7
5939	8
5939	13
5939	19
5940	7
5940	8
5940	13
5940	18
5949	9
5949	10
5949	13
5949	15
5949	18
5953	9
5953	10
5953	19
5965	13
5965	19
5966	13
5967	13
5968	13
5968	15
5968	18
5969	13
5970	9
5970	10
5983	6
5983	7
5983	8
5983	9
5983	10
5983	13
5983	14
5983	19
5999	9
5999	10
6033	19
6042	8
6042	18
6042	19
6053	8
6053	18
6055	15
6057	5
6061	5
6062	5
6063	5
6065	5
6066	5
6067	5
6068	5
6078	9
6078	10
6078	13
6078	14
6078	19
6079	12
6079	13
6079	14
6079	19
6080	19
6083	19
6086	15
6088	19
6149	19
6151	19
6176	19
6179	19
6182	16
6183	16
6189	9
6189	14
6236	19
6248	14
6248	19
6249	6
6249	9
6249	10
6249	14
6250	15
6307	9
6307	10
6307	13
6319	16
6459	9
6462	9
6462	10
6480	19
6481	9
6482	9
6482	13
6483	13
6499	19
6508	6
6508	14
6508	19
6521	19
6524	19
6544	9
6551	13
6557	19
6558	16
6559	9
6560	13
6566	19
6568	19
6569	19
6570	19
6574	18
6574	19
6580	13
6582	16
6590	19
6602	19
6607	19
6616	19
6619	19
6620	19
6621	9
6621	19
6622	9
6631	9
6631	10
6631	12
6631	18
6631	19
6633	19
6635	19
6640	19
6641	19
6642	19
6643	19
6646	19
6647	19
6648	19
6650	19
6652	19
6654	19
6655	19
6656	19
6658	19
6660	19
6664	19
6667	9
6667	10
6667	12
6667	18
6667	19
6668	9
6668	10
6668	14
6668	18
6668	19
6669	19
6670	19
6675	13
6675	19
6677	9
6677	19
6682	19
6683	19
6684	7
6684	8
6684	9
6684	10
6684	12
6684	13
6684	14
6684	15
6684	18
6684	19
6685	19
6688	19
6699	19
6705	17
6707	9
6707	10
6707	18
6707	19
6708	19
6709	19
6710	19
6711	19
6712	19
6713	19
6714	19
6715	19
6716	19
6720	19
6721	19
6727	19
6730	19
6734	19
6735	19
6736	19
6738	19
6739	19
6740	19
6746	19
6749	18
6749	19
6750	19
6751	19
6752	19
6754	9
6754	19
6755	9
6755	10
6755	14
6755	19
6758	9
6758	19
6762	19
6766	19
6772	19
6773	19
6774	19
6778	19
6780	18
6780	19
6782	19
6783	19
6784	19
6787	19
6791	19
6799	19
6800	19
6801	19
6805	19
6807	13
6811	9
6811	10
6811	13
6811	19
6812	19
6815	13
6815	19
6816	13
6821	19
6823	19
6825	19
6826	19
6827	19
6838	19
6846	19
6850	19
6859	19
6882	19
6883	19
6893	19
6894	19
6897	19
6898	19
6912	19
6920	19
6921	19
6922	19
6923	19
6924	19
6925	19
6928	19
6933	19
6934	19
6936	19
6939	19
6941	19
6942	19
6954	19
6955	19
6956	19
6957	19
6959	19
6961	19
6962	19
6963	19
6964	19
6965	19
6972	19
6973	19
6974	19
6976	19
6980	19
6982	19
6984	19
6985	9
6987	9
6988	19
6989	19
6990	19
6992	19
6993	19
6994	19
6997	19
6999	19
7001	19
7002	19
7004	19
7019	19
7024	19
7025	19
7029	19
7040	19
7042	19
7043	19
7044	19
7061	19
7063	19
7064	19
7065	19
7066	19
7067	19
7068	19
7069	19
7070	19
7071	19
7073	19
7076	9
7076	10
7076	18
7076	19
7089	18
7109	19
7111	19
7114	19
7115	19
7116	19
7118	19
7119	19
7120	19
7121	19
7122	19
7138	13
7139	13
7139	18
7139	19
7140	19
7147	19
7148	19
7151	9
7151	19
7152	19
7153	19
7154	19
7155	13
7155	19
7158	19
7160	19
7161	19
7162	19
7163	19
7164	19
7165	19
7166	19
7167	19
7168	19
7169	19
7170	19
7171	19
7172	19
7173	19
7174	19
7175	19
7176	19
7177	19
7178	19
7179	19
7181	19
7182	19
7183	19
7184	19
7185	19
7187	19
7188	19
7189	19
7190	19
7191	19
7192	19
7194	19
7195	19
7197	19
7198	19
7199	19
7200	19
7201	19
7202	19
7203	19
7205	19
7206	19
7207	19
7208	19
7209	19
7210	19
7211	19
7212	19
7213	19
7214	19
7215	19
7216	19
7218	19
7219	19
7221	19
7222	19
7223	19
7224	19
7225	19
7226	19
7227	19
7228	19
7229	19
7230	19
7231	19
7232	19
7233	19
7234	19
7235	19
7236	19
7237	19
7238	19
7239	19
7241	19
7242	20
7243	19
7245	19
7246	19
7247	19
7248	19
7249	19
7250	19
7251	19
7252	19
7253	19
7254	19
7255	19
7256	19
7257	19
7258	19
7259	19
7260	19
7261	19
7262	19
7263	19
7264	19
7265	19
7266	19
7267	19
7269	19
7270	19
7271	19
7272	19
7273	19
7274	19
7276	19
7277	19
7278	19
7280	19
7281	19
7282	19
7283	19
7284	19
7285	19
7286	19
7287	19
7288	19
7289	19
7290	19
7291	19
7292	19
7294	19
7295	19
7296	19
7298	19
7299	19
7300	19
7301	19
7302	19
7303	19
7304	19
7305	19
7306	19
7307	19
7308	19
7314	19
7315	19
7317	19
7318	19
7319	19
7320	19
7321	19
7322	19
7323	19
7324	19
7325	19
7326	19
7327	19
7328	19
7329	19
7330	19
7331	19
7335	19
7336	19
7337	19
7339	19
7341	19
7342	19
7343	19
7344	19
7345	19
7347	19
7348	19
7349	19
7350	19
7351	19
7352	19
7353	19
7354	19
7355	19
7356	19
7357	19
7358	19
7359	19
7360	19
7361	19
7362	19
7363	19
7364	19
7365	19
7366	19
7367	19
7368	19
7369	19
7370	19
7371	19
7372	19
7373	19
7374	19
7375	19
7376	19
7377	19
7378	19
7379	19
7380	19
7381	19
7382	19
7383	19
7384	19
7385	19
7386	19
7387	19
7388	19
7389	19
7390	19
7391	19
7392	13
7392	19
7393	19
7394	19
7395	19
7396	19
7397	19
7399	19
7400	19
7401	19
7402	19
7403	19
7404	19
7406	19
7407	19
7408	19
7409	19
7410	19
7411	19
7412	19
7413	19
7414	19
7415	19
7417	19
7418	19
7419	19
7420	19
7421	19
7423	19
7424	19
7425	19
7426	19
7428	19
7430	19
7431	19
7432	19
7433	19
7434	19
7435	19
7438	19
7439	19
7440	19
7442	19
7443	19
7444	19
7445	19
7446	19
7447	19
7448	9
7448	19
7449	19
7450	19
7451	19
7452	19
7453	19
7454	19
7455	9
7455	19
7456	19
7457	19
7458	19
7459	19
7460	19
7461	19
7462	19
7463	19
7464	19
7465	19
7466	19
7467	19
7468	19
7469	19
7471	19
7472	19
7473	19
7474	19
7475	19
7477	19
7478	19
7479	19
7480	19
7481	19
7482	19
7483	19
7484	19
7485	19
7486	19
7487	19
7489	19
7490	19
7492	19
7493	19
7494	19
7495	19
7496	19
7497	13
7497	19
7498	19
7499	19
7500	19
7501	19
7502	19
7503	19
7504	19
7505	19
7506	19
7507	19
7508	19
7509	19
7511	19
7512	19
7513	19
7514	19
7515	19
7516	19
7517	19
7518	19
7519	19
7520	19
7521	19
7522	19
7523	19
7524	19
7525	19
7526	19
7527	19
7528	19
7529	19
7530	19
7531	19
7532	19
7536	19
7537	19
7538	19
7539	19
7540	9
7540	10
7540	12
7540	14
7540	19
7541	19
7542	9
7542	10
7542	12
7542	14
7542	19
7543	19
7544	19
7545	19
7546	19
7547	19
7548	19
7549	19
7550	19
7551	19
7552	19
7553	19
7554	19
7555	19
7556	19
7557	19
7558	19
7559	19
7560	19
7561	19
7562	19
7563	19
7564	19
7565	19
7566	19
7567	19
7568	19
7569	19
7570	19
7571	19
7572	19
7573	19
7574	19
7575	19
7576	19
7577	19
7578	19
7579	19
7580	19
7581	19
7582	19
7583	19
7584	19
7585	19
7586	19
7587	19
7588	19
7589	19
7590	19
7591	19
7592	19
7593	19
7594	19
7595	19
7596	19
7597	19
7598	13
7598	19
7599	12
7599	13
7599	19
7600	19
7601	19
7602	19
7603	19
7604	19
7605	19
7606	19
7607	19
7608	19
7609	19
7610	19
7611	19
7612	19
7613	19
7614	19
7615	19
7616	19
7617	19
7618	19
7619	19
7620	19
7621	19
7622	19
7623	19
7624	19
7625	19
7626	19
7627	19
7628	19
7629	19
7630	19
7631	19
7632	19
7633	19
7634	19
7635	19
7636	19
7637	19
7638	19
7639	19
7640	19
7641	19
7642	19
7643	19
7644	19
7645	19
7646	19
7647	19
7648	19
7649	19
7650	19
7651	19
7652	19
7653	19
7654	19
7655	19
7656	19
7657	19
7658	19
7659	19
7660	19
7661	19
7662	19
7663	19
7664	19
7665	19
7666	19
7667	19
7668	19
7669	19
7670	19
7671	19
7672	19
7673	19
7674	19
7675	19
7676	19
7677	19
7678	19
7679	19
7680	19
7681	19
7682	19
7683	19
7684	19
7685	19
7686	19
7687	19
7688	19
7689	19
7690	19
7691	19
7692	19
7693	19
7694	19
7695	19
7696	19
7697	19
7698	19
7699	19
7700	19
7701	19
7702	19
7703	19
7704	13
7704	19
7705	19
7706	19
7707	19
7708	19
7709	19
7710	19
7711	19
7712	19
7713	19
7714	19
7715	19
7716	19
7717	19
7718	19
7719	19
7720	19
7721	19
7722	19
7723	19
7724	19
7725	19
7726	19
7727	19
7728	19
7729	19
7730	19
7731	19
7732	19
7733	19
7734	19
7735	19
7736	19
7737	19
7738	19
7739	19
7740	19
7741	19
7742	19
7743	19
7744	19
7745	19
7747	19
7749	19
7750	19
7751	19
7752	19
7755	19
7757	19
7758	12
7758	13
7758	19
7759	19
7760	19
7761	13
7761	19
7762	19
7763	19
7764	12
7764	19
7765	19
7768	19
7769	19
7770	19
7771	19
7774	19
7775	19
7776	19
7777	12
7777	19
7778	19
7779	9
7779	13
7779	19
7780	19
7781	19
7782	18
7782	19
7783	19
7784	19
7785	19
7787	8
7787	19
7788	19
7789	13
7789	19
7790	19
7791	19
7792	19
7794	19
7796	19
7797	19
7798	19
7800	19
7802	19
7803	19
7809	19
7810	19
7811	19
7812	19
7813	19
7814	19
7815	19
7817	19
7818	19
7819	19
7820	19
7821	19
7825	19
7826	13
7826	19
7829	13
7829	19
7833	19
7834	19
7835	19
7836	19
7838	19
7840	13
7840	19
7841	19
7842	13
7842	19
7843	19
7844	19
7845	19
7846	19
7847	19
7848	19
7849	19
7850	19
7851	19
7852	19
7853	19
7855	19
7857	19
7859	19
7862	19
7863	19
7864	19
7865	19
7866	19
7867	19
7869	19
7871	9
7871	19
7872	19
7873	7
7873	12
7873	13
7873	19
7874	7
7874	8
7874	9
7874	12
7874	19
7876	12
7876	13
7876	17
7877	19
7878	18
7878	19
7879	19
7880	19
7881	19
7883	19
7885	19
7886	19
7887	19
7889	19
7890	19
7891	19
7892	19
7893	19
7894	19
7895	19
7896	19
7897	19
7898	19
7899	19
7900	19
7901	19
7902	19
7903	19
7904	19
7905	19
7906	19
7907	19
7908	19
7909	19
7910	19
7911	19
7912	19
7913	19
7914	19
7915	19
7916	19
7917	19
7919	19
7920	18
7920	19
7922	19
7923	19
7929	19
7930	19
7932	19
7961	19
7970	19
7987	19
7995	13
7995	19
7996	19
7997	19
8010	9
8010	10
8010	13
8010	14
8010	19
8012	19
8013	19
8049	9
8049	10
8049	12
8049	13
8049	14
8049	19
8051	19
8052	19
8053	19
8054	19
8055	19
8057	19
8065	19
8066	19
8072	6
8072	14
8072	19
8073	14
8074	6
8074	14
8074	19
8080	19
8082	19
8091	6
8091	14
8091	19
8094	19
8099	19
8113	19
8114	19
8116	19
8117	19
8118	19
8119	13
8140	19
8141	19
8143	19
8144	19
8145	19
8146	19
8147	19
8148	19
8150	9
8150	19
8151	19
8152	19
8153	19
8154	19
8156	19
8157	19
8158	19
8159	19
8168	19
8169	19
8170	19
8171	19
8172	19
8173	19
8174	19
8175	19
8176	19
8177	19
8178	19
8179	6
8179	14
8179	19
8219	19
8241	19
8247	14
8253	19
8254	19
8255	19
8256	19
8257	19
8258	19
8259	19
8260	19
8261	19
8262	19
8263	19
8264	19
8265	19
8266	19
8272	9
8272	19
8273	19
8274	19
8275	19
8277	19
8278	19
8287	14
8290	14
8295	19
8296	19
8300	19
8301	19
8302	19
8303	19
8304	19
8305	19
8306	19
8307	19
8309	14
8327	14
8332	19
8333	19
8338	19
8339	19
8340	19
8341	19
8342	19
8343	19
8344	19
8345	19
8346	19
8347	19
8357	14
8363	13
8376	19
8382	19
8409	19
8410	19
8411	19
8413	19
8414	19
8415	19
8416	19
8419	19
8420	19
8422	13
8422	19
8427	19
8428	19
8431	19
8433	13
8433	19
8434	13
8434	14
8434	19
8438	14
8438	19
8464	19
8466	19
8467	19
8468	19
8471	19
8476	19
8477	19
8478	19
8551	19
8557	19
8558	19
8560	13
8563	19
8564	19
8565	19
8566	19
8567	19
8568	19
8570	19
8571	19
8572	19
8573	19
8574	19
8575	19
8576	19
8577	19
8578	19
8579	19
8580	19
8581	19
8582	19
8584	19
8586	19
8588	19
8589	19
8590	19
8591	19
8613	19
8617	19
8627	19
8635	19
8636	19
8637	13
8660	19
8749	19
8756	13
8764	18
8799	19
8807	19
8808	19
8818	19
8822	19
8848	19
8850	19
8905	19
8906	19
8964	19
8992	19
8995	19
9362	9
9362	10
9362	13
9362	19
9363	9
9363	10
9388	9
9438	7
9438	8
9438	18
9512	16
9683	19
9690	19
9691	19
9692	19
9693	19
9694	19
9695	19
9696	19
9702	19
9710	13
9710	19
9712	13
9712	14
9712	19
9713	19
9714	19
9720	19
9722	19
9725	19
9726	19
9744	19
9745	19
9746	19
9747	19
9756	13
9756	19
9757	19
9759	19
9760	19
9761	19
9763	19
9765	19
9769	19
9771	19
9772	19
9774	19
9775	19
9777	19
9778	19
9779	19
9780	19
9783	19
9784	19
9785	19
9787	19
9788	19
9789	19
9791	19
9792	19
9793	19
9794	19
9795	19
9802	19
9803	19
9807	19
9808	19
9810	19
9811	19
9813	19
9815	19
9817	19
9818	19
9819	19
9820	19
9821	19
9822	19
9823	19
9826	19
9827	19
9828	19
9829	19
9830	19
9831	19
9832	19
9834	19
9835	19
9836	19
9838	19
9840	19
9841	19
9843	19
9844	19
9845	19
9846	19
9848	19
9849	19
9850	19
9851	19
9852	19
9854	19
9855	19
9856	19
9857	19
9859	19
9860	19
9861	19
9862	19
9863	19
9864	19
9865	19
9866	19
9868	19
9869	19
9870	19
9873	19
9874	19
9875	19
9879	19
9883	19
9884	19
9885	19
9888	19
9889	19
9892	19
9898	19
9899	19
9900	19
9901	19
9902	19
9908	19
9910	19
9912	19
9916	19
9927	19
9931	19
9932	19
9937	19
9945	19
9947	19
9948	19
9949	19
9950	19
9951	19
9952	19
9953	19
9954	19
9955	19
9956	19
9957	19
9962	19
9965	19
9978	19
9979	19
9988	19
9994	19
9998	19
10010	19
10019	19
10020	19
10021	19
10034	19
10035	19
10040	19
10045	19
10049	19
10051	19
10052	19
10053	19
10055	19
10058	19
10060	19
10061	19
10062	19
10063	19
10064	19
10065	19
10066	19
10067	19
10069	19
10073	19
10077	19
10079	19
10080	19
10081	19
10082	19
10083	19
10088	19
10089	19
10090	19
10094	19
10095	19
10097	19
10113	19
10120	19
10121	19
10125	19
10128	19
10130	19
10131	19
10132	19
10137	19
10138	19
10139	19
10142	19
10144	19
10148	19
10149	19
10152	19
10153	19
10155	19
10168	19
10170	19
10175	19
10179	19
10185	19
10186	19
10187	19
10191	19
10196	19
10197	19
10198	19
10199	19
10200	19
10201	19
10202	19
10203	19
10204	19
10206	19
10207	19
10208	19
10213	19
10214	19
10219	19
10220	19
10222	19
10224	19
10227	19
10235	19
10237	19
10238	19
10241	19
10242	19
10243	7
10244	7
10248	19
10250	19
10251	19
10252	19
10257	19
10258	19
10260	19
10262	19
10263	19
10264	19
10266	19
10268	19
10271	19
10272	19
10273	19
10274	19
10275	19
10276	19
10277	13
10277	19
10279	19
10280	19
10282	19
10288	19
10290	19
10291	19
10293	19
10294	19
10295	19
10297	19
10298	19
10299	19
10300	19
10301	19
10302	19
10303	19
10304	19
10305	19
10306	19
10309	19
10310	19
10312	19
10313	19
10315	19
10316	19
10317	19
10318	19
10319	19
10322	19
10324	19
10328	19
10329	19
10330	19
10331	19
10337	19
10338	19
10339	19
10340	19
10343	19
10344	19
10346	19
10348	19
10351	19
10352	19
10353	19
10354	19
10355	19
10356	19
10357	19
10358	19
10359	19
10360	19
10361	19
10363	19
10364	19
10365	19
10366	19
10367	19
10368	19
10369	19
10370	19
10371	19
10372	19
10373	19
10374	19
10376	19
10378	19
10379	19
10380	19
10381	19
10393	13
10393	19
10395	19
10396	19
10397	19
10398	19
10399	19
10400	19
10402	19
10403	19
10404	19
10405	19
10406	19
10408	19
10409	19
10410	19
10411	19
10413	19
10414	19
10415	19
10416	19
10417	19
10418	19
10419	19
10420	19
10421	19
10422	19
10423	19
10424	19
10425	19
10426	19
10427	19
10428	19
10431	13
10431	19
10432	19
10433	13
10433	19
10435	13
10435	19
10436	19
10437	19
10438	19
10442	19
10443	19
10444	19
10445	19
10446	13
10446	19
10447	19
10448	19
10451	19
10452	19
10453	19
10454	19
10456	19
10459	19
10465	19
10471	13
10471	19
10472	13
10472	19
10476	19
10483	19
10484	19
10485	19
10486	19
10487	19
10488	13
10488	19
10489	13
10489	19
10500	19
10501	19
10503	19
10504	19
10507	19
10509	19
10515	13
10515	19
10516	19
10517	19
10518	19
10519	19
10520	19
10521	19
10522	19
10523	19
10524	19
10525	19
10526	13
10526	18
10526	19
10527	19
10529	19
10530	13
10530	19
10531	19
10532	19
10533	19
10534	19
10535	19
10536	19
10537	19
10538	19
10539	19
10540	19
10541	19
10542	19
10543	13
10543	19
10544	13
10544	19
10545	19
10546	19
10547	19
10548	19
10549	19
10550	19
10551	19
10552	19
10553	19
10554	19
10555	19
10556	19
10557	19
10558	19
10559	19
10560	19
10561	19
10562	19
10563	19
10564	19
10565	19
10566	19
10567	19
10568	19
10569	19
10570	19
10571	9
10571	13
10571	19
10572	19
10573	9
10573	10
10573	12
10573	13
10573	14
10573	19
10574	19
10576	19
10580	19
10581	19
10583	19
10586	19
10588	19
10589	19
10590	19
10592	19
10599	13
10607	7
10607	8
10607	9
10607	10
10607	18
10607	19
10608	19
10612	13
10615	19
10617	19
10618	19
10619	19
10620	19
10621	19
10622	19
10623	19
10624	12
10624	13
10624	14
10624	19
10629	13
10629	18
10630	19
10631	19
10632	19
10633	19
10645	7
10645	8
10645	12
10645	13
10645	19
10646	15
10646	19
10647	19
10649	15
10650	19
10653	19
10655	16
10656	16
10664	19
10665	19
10666	19
10667	19
10668	19
10669	19
10670	19
10671	19
10672	19
10673	19
10674	19
10675	19
10676	19
10677	19
10678	19
10679	19
10680	19
10681	19
10682	19
10683	19
10684	19
10685	19
10686	19
10687	19
10688	19
10689	19
10690	19
10691	19
10692	19
10693	19
10694	19
10695	19
10696	19
10697	19
10698	19
10699	19
10700	19
10701	19
10702	19
10703	19
10704	19
10705	19
10706	19
10707	19
10708	19
10709	19
10710	19
10711	19
10712	19
10713	19
10714	19
10715	19
10716	19
10717	19
10718	19
10719	19
10723	19
10725	19
10726	19
10727	19
10728	19
10730	19
10731	19
10732	19
10733	19
10734	19
10735	19
10736	19
10737	19
10738	19
10739	19
10741	19
10742	19
10747	19
10748	19
10754	16
10761	18
10770	19
10771	19
10772	19
10773	13
10773	19
10774	19
10775	19
10776	19
10777	19
10778	19
10779	19
10782	19
10785	19
10786	15
10786	19
10788	19
10803	19
10804	19
10808	19
10809	19
10811	19
10812	19
10813	19
10814	19
10815	19
10819	6
10819	14
10819	19
10820	19
10821	19
10822	19
10823	19
10824	19
10825	6
10826	19
10831	19
10832	19
10834	19
10835	19
10838	19
10839	9
10839	19
10842	19
10843	7
10843	9
10843	12
10843	19
10847	19
10848	9
10848	10
10848	12
10848	14
10848	18
10848	19
10852	9
10852	12
10852	19
10853	19
10877	19
10902	19
10904	19
10905	19
10906	12
10906	19
10907	19
10908	19
10909	19
10910	19
10911	19
10912	19
10916	19
10917	19
10918	19
10919	19
10920	19
10922	19
10923	19
10926	19
10929	19
10930	19
10931	19
10932	19
10933	20
10942	19
10946	13
10950	19
10951	19
10957	19
10958	13
10969	19
10971	19
10972	19
10985	19
10990	19
10991	19
10992	19
11007	13
11007	19
11014	19
11015	9
11015	19
11026	19
11027	19
11028	19
11029	19
11036	19
11037	19
11038	19
11039	19
11041	19
11058	13
11063	13
11066	13
11066	19
11071	19
11077	13
11077	19
11078	19
11079	19
11080	19
11081	19
11082	19
11083	19
11085	19
11086	19
11088	19
11089	19
11090	19
11091	19
11093	19
11094	19
11095	19
11097	19
11098	19
11101	19
11102	19
11103	19
11105	19
11106	19
11108	19
11109	19
11110	19
11112	19
11113	19
11114	19
11116	19
11118	19
11119	19
11120	19
11122	19
11124	19
11126	19
11127	19
11128	19
11129	19
11131	19
11132	19
11133	19
11134	19
11135	19
11136	19
11137	19
11139	19
11140	19
11143	19
11145	19
11147	19
11151	19
11152	19
11154	19
11155	19
11156	19
11157	19
11159	19
11160	19
11161	19
11163	19
11164	19
11166	19
11167	19
11170	19
11171	19
11172	19
11173	19
11174	19
11175	19
11177	20
11179	19
11180	19
11181	19
11182	19
11183	19
11184	19
11185	19
11186	19
11188	19
11189	19
11190	19
11194	19
11195	19
11197	7
11197	8
11197	9
11197	12
11197	13
11197	14
11197	18
11197	19
11198	19
11199	19
11200	19
11201	19
11202	9
11202	10
11202	12
11202	19
11203	19
11204	19
11205	19
11206	19
11207	19
11211	19
11213	9
11213	10
11213	12
11213	18
11213	19
11214	19
11215	19
11216	19
11219	19
11221	9
11221	10
11221	12
11221	19
11222	19
11224	19
11227	9
11227	19
11228	19
11229	19
11230	19
11231	19
11232	19
11233	7
11233	8
11233	9
11233	10
11233	18
11233	19
11234	19
11235	19
11236	19
11237	19
11238	19
11239	7
11239	8
11239	9
11239	12
11239	13
11239	14
11239	18
11239	19
11240	9
11240	12
11240	19
11241	19
11242	7
11242	8
11242	9
11242	10
11242	12
11242	18
11242	19
11243	19
11244	19
11246	19
11247	19
11248	9
11248	10
11248	12
11248	18
11248	19
11249	19
11250	19
11251	19
11252	19
11253	19
11254	19
11257	9
11257	10
11257	12
11257	19
11258	19
11259	19
11260	19
11261	19
11262	19
11264	19
11265	19
11267	19
11269	19
11270	19
11271	19
11274	19
11276	7
11276	8
11276	9
11276	10
11276	12
11276	13
11276	18
11276	19
11277	19
11278	19
11279	19
11280	19
11282	19
11283	19
11284	19
11285	19
11287	19
11288	19
11289	19
11290	19
11291	19
11293	19
11294	19
11295	19
11296	19
11298	19
11299	19
11300	7
11300	8
11300	9
11300	10
11300	12
11300	13
11300	18
11300	19
11301	19
11302	19
11303	19
11304	19
11306	19
11307	19
11308	19
11309	19
11310	19
11311	19
11313	19
11314	19
11315	19
11316	19
11318	19
11319	19
11321	7
11321	8
11321	9
11321	10
11321	12
11321	13
11321	18
11321	19
11322	19
11323	19
11324	19
11325	19
11326	19
11327	19
11328	19
11329	19
11331	19
11332	19
11333	19
11334	19
11335	19
11336	19
11337	19
11338	19
11339	19
11340	19
11341	19
11342	19
11344	19
11345	19
11347	19
11378	13
11393	19
11394	19
11395	19
11396	19
11397	19
11398	19
11399	19
11400	19
11401	19
11402	19
11403	19
11404	19
11405	19
11408	19
11409	19
11410	19
11411	19
11412	19
11414	19
11415	19
11417	19
11418	19
11419	19
11420	19
11421	19
11422	19
11423	19
11424	19
11425	19
11439	9
11439	19
11444	19
11445	19
11446	19
11460	13
11464	19
11468	19
11469	19
11481	19
11492	19
11500	19
11512	19
11514	19
11517	19
11520	19
11534	9
11534	10
11534	18
11534	19
11538	19
11540	9
11540	19
11542	19
11543	9
11543	13
11543	19
11546	9
11547	19
11549	19
11551	19
11555	19
11561	19
11563	19
11565	19
11566	19
11569	19
11576	19
11577	19
11578	19
11579	19
11580	19
11581	19
11582	19
11583	19
11584	19
11586	19
11587	19
11588	19
11589	19
11590	19
11591	19
11592	19
11593	19
11594	19
11595	19
11596	19
11597	19
11598	19
11599	19
11600	19
11601	19
11602	19
11603	19
11604	19
11605	19
11607	19
11608	19
11609	19
11610	19
11611	19
11612	19
11613	19
11614	19
11615	19
11616	19
11617	19
11620	19
11621	19
11622	19
11623	19
11626	19
11627	19
11628	19
11629	19
11630	19
11631	19
11632	19
11633	19
11634	19
11635	19
11636	19
11637	19
11638	19
11639	19
11640	19
11641	19
11642	19
11643	19
11644	19
11645	19
11646	19
11647	19
11648	19
11649	19
11650	19
11651	19
11652	19
11653	19
11654	19
11655	19
11656	19
11658	19
11659	19
11660	19
11661	19
11662	19
11664	19
11665	19
11666	19
11667	19
11668	19
11669	19
11670	19
11671	19
11672	19
11673	19
11674	19
11675	19
11676	19
11677	19
11679	19
11680	19
11681	19
11682	19
11683	19
11684	19
11685	19
11686	19
11687	19
11688	19
11689	19
11690	19
11691	19
11692	19
11693	19
11696	19
11699	19
11700	19
11701	19
11702	19
11703	19
11704	19
11706	19
11707	19
11708	19
11709	19
11710	19
11714	19
11715	19
11716	19
11717	19
11718	19
11721	19
11722	19
11723	19
11724	19
11725	19
11726	19
11727	19
11728	19
11729	19
11730	19
11731	19
11732	19
11733	19
11734	19
11735	19
11736	19
11737	19
11738	19
11739	19
11740	19
11741	19
11742	19
11743	19
11744	19
11745	19
11746	19
11747	19
11748	19
11749	19
11750	19
11751	19
11752	19
11754	19
11755	19
11756	19
11757	19
11758	19
11759	19
11760	19
11761	19
11762	19
11763	19
11764	19
11765	19
11767	19
11768	19
11769	19
11770	19
11771	19
11772	19
11773	19
11774	19
11775	19
11776	18
11776	19
11777	19
11778	19
11779	19
11780	19
11781	19
11782	19
11783	19
11784	19
11785	19
11786	19
11787	19
11788	19
11789	19
11790	19
11791	19
11792	19
11793	19
11794	19
11795	19
11796	19
11797	19
11798	19
11799	19
11800	19
11801	19
11802	19
11803	19
11804	19
11805	19
11806	19
11807	19
11808	19
11810	19
11811	19
11812	19
11813	19
11814	19
11815	19
11817	19
11818	19
11819	19
11820	19
11821	19
11822	19
11823	19
11824	19
11825	19
11826	19
11827	19
11828	19
11829	19
11831	19
11832	19
11834	19
11835	19
11836	19
11837	19
11838	19
11839	19
11840	19
11841	19
11842	19
11843	19
11844	19
11845	19
11846	19
11847	19
11848	19
11849	19
11850	19
11851	19
11852	19
11853	19
11855	19
11856	19
11857	19
11858	19
11859	19
11860	19
11861	19
11862	19
11863	19
11865	19
11866	19
11867	19
11868	19
11869	19
11870	19
11871	19
11872	19
11873	19
11874	19
11875	19
11876	19
11877	19
11879	19
11880	19
11881	19
11882	19
11883	19
11884	19
11885	19
11887	19
11888	19
11889	19
11890	19
11891	19
11893	19
11894	19
11895	19
11896	19
11897	19
11898	19
11899	19
11900	19
11901	19
11902	19
11903	19
11904	19
11905	19
11906	19
11907	19
11908	19
11909	19
11910	19
11911	19
11912	19
11915	19
11916	19
11917	19
11918	19
11919	19
11920	19
11921	19
11922	19
11923	19
11924	19
11925	19
11926	19
11927	19
11928	19
11929	19
11930	19
11931	19
11932	19
11934	19
11936	19
11937	19
11938	19
11939	19
11940	19
11941	19
11942	19
11943	19
11944	19
11945	19
11947	19
11948	19
11949	19
11950	19
11951	19
11952	19
11953	19
11954	19
11955	19
11956	19
11957	19
11958	19
11959	19
11961	19
11962	19
11963	19
11964	19
11965	19
11966	19
11967	19
11968	19
11969	19
11970	19
11971	19
11972	19
11973	19
11977	19
11978	19
11979	19
11980	19
11981	19
11982	19
11984	19
11985	19
11986	19
11997	19
11999	19
12010	19
12011	20
12020	19
12021	19
12022	19
12023	19
12027	19
12031	19
12034	19
12035	19
12046	19
12048	19
12050	19
12051	19
12052	19
12053	19
12055	19
12056	19
12064	19
12071	19
12072	19
12074	19
12076	19
12077	19
12089	19
12108	19
12113	19
12114	19
12115	19
12116	19
12117	19
12118	19
12120	19
12135	19
12155	19
12156	19
12157	19
12160	19
12162	19
12163	19
12195	19
12196	19
12199	19
12203	19
12204	19
12210	19
12214	19
12220	19
12222	19
12224	19
12230	19
12240	19
12260	19
12261	19
12268	9
12268	19
12269	19
12270	19
12274	19
12283	19
12289	19
12291	19
12292	19
12293	19
12294	19
12304	19
12314	19
12315	19
12316	19
12318	19
12325	19
12327	19
12328	19
12329	19
12343	19
12347	19
12348	19
12351	19
12359	19
12361	19
12363	19
12365	19
12371	19
12372	19
12382	19
12383	19
12384	19
12385	19
12388	19
12389	19
12390	19
12391	19
12392	19
12393	19
12394	19
12395	19
12396	19
12397	19
12398	19
12399	19
12400	19
12401	19
12402	19
12403	19
12404	19
12405	19
12406	19
12407	19
12408	19
12409	19
12410	19
12411	19
12412	19
12413	19
12414	19
12415	19
12416	19
12417	19
12418	19
12419	19
12420	19
12421	19
12422	19
12423	19
12424	19
12425	19
12426	19
12427	19
12428	19
12429	19
12430	19
12431	19
12432	19
12433	19
12434	19
12435	19
12436	19
12437	19
12438	19
12439	19
12440	19
12441	19
12442	19
12443	19
12444	19
12445	19
12446	19
12447	19
12448	19
12449	19
12451	19
12452	19
12453	19
12454	19
12455	19
12456	19
12457	19
12458	19
12459	19
12460	19
12461	19
12462	19
12463	19
12464	13
12464	19
12465	19
12466	19
12467	19
12468	19
12469	19
12470	19
12471	19
12472	19
12473	19
12474	19
12475	19
12476	19
12477	19
12478	19
12479	19
12480	19
12481	19
12482	19
12483	19
12484	19
12485	19
12486	19
12487	19
12488	19
12489	19
12490	19
12491	19
12492	19
12493	19
12494	19
12495	19
12496	19
12497	19
12498	19
12499	19
12500	19
12501	19
12502	19
12503	19
12504	19
12505	19
12506	19
12515	19
12519	19
12522	19
12525	9
12525	12
12525	13
12526	9
12540	9
12543	9
12547	22
12552	22
12554	17
12556	22
12557	22
12560	17
12560	22
12564	22
12566	17
12569	17
12569	22
12570	22
12571	22
12572	17
12572	22
12573	22
12575	17
12575	22
12576	17
12579	17
12579	22
12580	22
12583	17
12583	22
12585	22
12586	17
12586	22
12587	22
12588	17
12614	19
12615	19
12616	19
12620	19
12621	19
12622	19
12623	19
12624	19
12625	19
12626	19
12627	19
12629	19
12630	19
12631	19
12633	19
12638	19
12639	19
12640	19
12641	19
12643	19
12645	19
12646	19
12647	19
12650	19
12652	19
12658	19
12663	19
12674	19
12678	19
12679	19
12683	19
12684	19
12685	19
12686	19
12687	19
12691	19
12692	19
12693	19
12695	19
12696	19
12699	13
12699	19
12703	19
12704	19
12705	19
12706	19
12707	19
12709	19
12720	19
12721	19
12722	13
12722	19
12723	19
12724	19
12725	19
12726	19
12727	19
12728	19
12729	19
12730	19
12731	19
12732	19
12733	19
12734	19
12735	19
12737	19
12738	19
12739	19
12740	19
12741	19
12742	19
12743	19
12744	19
12745	19
12746	19
12747	19
12748	19
12749	19
12752	19
12754	19
12755	19
12756	19
12757	19
12758	19
12759	19
12760	19
12761	19
12762	19
12763	19
12764	19
12765	19
12766	19
12767	19
12768	19
12769	19
12770	19
12771	19
12772	19
12773	19
12774	19
12775	19
12776	19
12777	19
12778	19
12779	19
12780	19
12781	19
12782	19
12783	19
12784	19
12785	19
12786	19
12787	19
12788	19
12789	19
12790	19
12791	19
12792	19
12793	19
12794	19
12795	19
12796	19
12797	19
12798	19
12799	19
12800	19
12801	19
12802	19
12803	19
12804	19
12805	19
12806	19
12807	19
12809	19
12810	19
12812	19
12813	19
12814	19
12815	19
12816	19
12817	19
12818	19
12819	19
12820	19
12821	19
12822	19
12823	19
12824	19
12827	19
12828	19
12829	19
12830	19
12831	19
12832	19
12833	19
12834	19
12835	19
12836	19
12837	19
12838	19
12839	19
12840	19
12841	19
12842	19
12843	19
12844	19
12845	19
12846	19
12847	19
12848	19
12849	19
12850	19
12851	19
12852	19
12853	19
12854	19
12855	19
12856	19
12857	19
12858	19
12859	19
12860	19
12861	19
12862	19
12863	19
12864	19
12865	19
12866	19
12867	19
12868	19
12869	19
12870	19
12871	19
12872	19
12873	19
12874	19
12875	19
12876	19
12877	19
12878	19
12879	19
12880	19
12881	19
12882	19
12884	19
12885	19
12886	19
12887	19
12888	19
12889	19
12890	19
12891	19
12892	19
12893	19
12894	19
12895	19
12896	19
12897	19
12898	19
12899	19
12900	19
12901	19
12902	19
12903	19
12904	19
12905	19
12906	19
12907	19
12908	19
12909	19
12910	19
12911	19
12912	19
12913	19
12914	19
12916	19
12917	19
12918	19
12919	19
12920	19
12921	19
12922	19
12923	19
12924	19
12925	19
12926	19
12927	19
12928	19
12929	19
12930	19
12931	19
12932	19
12933	19
12934	19
12935	19
12936	19
12937	19
12938	19
12939	19
12940	19
12941	19
12942	19
12943	19
12944	19
12945	19
12946	19
12947	19
12948	19
12949	19
12950	19
12951	19
12952	19
12953	19
12954	19
12955	19
12956	19
12957	19
12958	19
12959	19
12960	19
12961	19
12962	19
12963	19
12964	19
12965	19
12966	19
12967	19
12968	19
12969	19
12970	19
12971	19
12972	19
12973	19
12974	19
12975	19
12976	19
12977	19
12978	19
12979	19
12980	19
12981	19
12982	19
12984	19
12985	19
12986	19
12987	19
12988	19
12989	19
12990	19
12991	19
12992	19
12993	19
12994	19
12995	19
12996	19
12997	19
12998	19
12999	19
13000	19
13001	19
13002	19
13003	19
13005	19
13006	19
13007	12
13007	13
13007	14
13007	19
13008	19
13009	19
13010	19
13011	19
13012	19
13013	19
13014	19
13015	19
13016	19
13017	19
13018	19
13019	19
13020	19
13021	19
13022	19
13023	19
13024	19
13025	19
13026	19
13027	19
13028	19
13029	19
13030	19
13031	19
13032	19
13033	19
13034	19
13035	19
13036	19
13037	19
13038	19
13039	19
13040	19
13041	19
13042	19
13043	19
13045	19
13046	19
13047	19
13048	19
13049	19
13050	19
13051	19
13052	19
13053	19
13054	19
13055	19
13056	19
13057	19
13058	19
13059	19
13060	19
13061	19
13062	19
13063	19
13064	19
13065	19
13066	19
13067	19
13068	19
13069	19
13070	19
13071	19
13073	19
13074	19
13075	19
13076	19
13077	19
13078	19
13079	19
13080	19
13081	19
13082	19
13083	19
13084	19
13085	19
13086	19
13087	19
13088	19
13089	19
13090	19
13091	19
13092	19
13093	19
13094	19
13095	19
13096	19
13097	19
13098	19
13099	19
13100	19
13101	19
13102	19
13103	19
13104	19
13105	19
13106	19
13107	19
13108	19
13109	19
13110	19
13111	19
13112	19
13113	19
13114	19
13115	19
13116	19
13117	19
13118	19
13119	19
13120	19
13121	19
13122	19
13123	19
13124	19
13125	19
13126	19
13127	19
13128	19
13129	19
13130	19
13131	19
13132	19
13133	19
13134	19
13136	19
13137	19
13138	19
13139	19
13140	19
13141	19
13142	19
13143	19
13146	19
13147	19
13148	19
13149	19
13150	19
13151	19
13152	19
13153	19
13154	19
13155	19
13156	19
13157	19
13158	19
13159	19
13161	19
13162	19
13166	19
13167	19
13168	19
13169	19
13170	19
13171	19
13172	19
13173	19
13174	19
13176	13
13179	19
13181	7
13181	8
13181	14
13181	19
13184	19
13185	19
13188	19
13189	19
13190	19
13191	19
13192	19
13193	19
13194	19
13195	19
13196	19
13197	7
13197	9
13197	10
13197	13
13197	14
13197	19
13200	19
13201	19
13203	19
13204	19
13205	19
13206	19
13207	19
13208	19
13209	19
13230	19
13234	19
13241	19
13242	19
13243	19
13247	19
13248	19
13249	19
13250	19
13252	19
13253	19
13254	19
13255	19
13259	19
13260	19
13261	13
13274	19
13276	19
13278	19
13282	13
13282	19
13284	13
13284	19
13285	9
13285	10
13285	18
13285	19
13294	19
13295	19
13296	19
13297	19
13298	19
13299	19
13300	19
13301	19
13302	12
13302	13
13302	19
13305	9
13307	19
13308	12
13308	19
13312	19
13314	19
13315	19
13316	19
13317	19
13318	19
13319	19
13320	19
13322	19
13331	19
13336	19
13339	19
13340	19
13341	9
13341	19
13351	19
13352	19
13353	19
13354	19
13355	19
13356	19
13357	19
13358	19
13359	19
13360	19
13361	19
13362	19
13363	19
13364	19
13365	19
13368	19
13372	19
13373	19
13374	19
13382	19
13407	19
13409	19
13410	19
13413	19
13423	19
13426	13
13431	13
13440	19
13443	19
13644	9
13644	10
13981	6
13981	19
13982	5
13985	13
13990	13
13990	19
13992	19
13993	19
13997	5
13999	19
14000	19
14005	13
14005	19
14008	19
14013	9
14013	10
14013	19
14022	19
14023	19
14028	19
14035	19
14037	19
14079	19
14080	19
14083	19
14084	19
14087	19
14088	19
14094	16
14102	9
14132	6
14134	15
14134	18
14141	6
14166	19
14167	19
14168	19
14169	19
14170	19
14181	19
14185	9
14185	13
14185	19
14186	19
14189	19
14190	12
14190	19
14210	20
14212	19
14220	19
14226	13
14226	19
14227	19
14228	19
14229	19
14230	19
14231	19
14232	19
14239	19
14240	19
14245	19
14247	19
14263	13
14263	19
14265	13
14265	19
14275	16
14284	19
14287	19
14288	19
14290	19
14291	19
14292	19
14293	9
14293	10
14293	14
14293	19
14294	19
14300	19
14301	7
14301	8
14301	15
14301	19
14302	19
14304	19
14305	19
14307	9
14308	19
14312	19
14313	13
14321	19
14323	19
14324	19
14326	19
14329	19
14335	9
14335	10
14335	19
14337	19
14338	19
14339	19
14340	19
14341	19
14342	19
14343	19
14344	19
14345	19
14346	19
14347	19
14348	19
14349	19
14350	19
14351	19
14366	19
14369	7
14369	8
14369	9
14369	10
14369	12
14369	13
14369	14
14369	18
14369	19
14377	19
14378	19
14379	19
14380	19
14381	19
14387	19
14388	19
14389	19
14390	19
14391	19
14392	19
14393	19
14400	19
14401	19
14402	19
14403	19
14405	19
14416	19
14418	16
14420	19
14421	19
14427	19
14435	19
14438	19
14439	19
14440	19
14441	19
14442	19
14443	9
14443	10
14443	13
14443	14
14443	19
14444	13
14444	19
14460	19
14461	19
14462	19
14467	19
14469	19
14472	19
14473	19
14509	9
14509	10
14509	12
14509	19
14513	19
14514	19
14515	19
14516	19
14517	19
14518	19
14524	19
14530	19
14532	19
14533	19
14535	19
14536	19
14538	19
14539	19
14540	19
14541	19
14542	19
14549	7
14549	8
14549	13
14549	18
14550	13
14550	19
14551	19
14552	19
14553	13
14556	19
14557	7
14557	19
14558	15
14568	7
14568	8
14569	8
14595	19
14600	19
14601	19
14602	19
14603	13
14604	19
14612	19
14627	19
14630	13
14630	14
14630	19
14635	19
14644	19
14645	19
14647	9
14647	19
14659	19
14662	19
14663	19
14671	19
14674	19
14683	19
14686	19
14687	19
14688	19
14689	19
14694	19
14695	19
14697	19
14698	19
14710	19
14711	19
14712	19
14713	19
14714	19
14716	19
14718	19
14719	19
14720	19
14721	19
14725	19
14726	19
14727	19
14728	19
14729	19
14730	19
14731	19
14732	19
14733	19
14734	19
14735	19
14737	19
14738	19
14739	19
14750	16
14753	13
14753	19
14756	19
14758	19
14759	17
14760	13
14765	13
14770	19
14771	19
14775	19
14776	19
14777	19
14781	9
14781	10
14781	19
14805	19
14815	19
14819	19
14843	19
14862	19
14863	19
14872	19
14873	19
14874	19
14875	19
14876	19
14877	19
14878	19
14879	19
14880	19
14881	19
14882	19
14883	19
14884	19
14885	19
14886	19
14887	19
14888	19
14889	19
14890	19
14891	19
14892	19
14893	19
14894	19
14895	19
14896	19
14897	19
14898	19
14899	19
14900	19
14901	19
14902	19
14903	19
14904	19
14905	19
14950	13
14950	19
14951	9
14964	13
14964	19
14974	13
14978	19
14979	19
14988	19
14989	19
14990	19
14991	19
14992	19
14993	19
14994	19
14995	19
14996	19
14997	13
14997	19
14998	19
15025	19
15029	19
15030	19
15031	19
15032	19
15033	19
15034	13
15034	19
15035	19
15039	19
15044	19
15046	19
15048	19
15056	13
15075	12
15075	13
15075	19
15087	13
15090	13
15090	19
15105	19
15106	19
15107	19
15108	19
15112	13
15134	19
15136	13
15143	13
15151	19
15155	13
15166	13
15167	19
15184	19
15185	19
15188	19
15203	13
15223	19
15238	19
15242	13
15259	19
15260	19
15264	19
15270	19
15271	19
15272	19
15273	19
15274	19
15275	19
15276	19
15277	19
15278	19
15280	13
15284	13
15286	13
15295	19
15296	13
15311	19
15349	19
15352	19
15355	19
15356	19
15357	19
15358	19
15359	19
15360	19
15361	19
15362	19
15363	19
15364	13
15365	19
15366	19
15367	19
15368	19
15369	19
15373	19
15376	19
15395	19
15397	19
15403	13
15428	18
15428	19
15431	19
15432	19
15433	19
15435	13
15435	19
15436	19
15438	13
15438	19
15439	19
15440	19
15449	19
15484	19
15485	19
15498	13
15498	19
15499	19
15500	19
15501	19
15529	13
15531	19
15532	19
15534	19
15543	19
15547	13
15550	19
15552	19
15553	19
15587	19
15587	20
15600	6
15602	6
15614	19
15662	9
15663	9
15664	13
15664	19
15671	13
15671	19
15691	19
15692	19
15693	19
15977	19
15984	19
15990	12
15990	13
15990	19
15996	19
16000	13
16002	9
16003	9
16066	13
16098	19
16099	19
16108	6
16109	6
16110	6
16135	19
16159	13
16161	4
16161	5
16185	13
16188	9
16188	10
16188	18
16191	19
16200	7
16200	8
16200	9
16200	10
16200	12
16200	13
16200	18
16200	19
16201	19
16204	15
16204	18
16242	19
16263	9
16272	19
16304	13
16320	19
16321	19
16385	13
16393	9
16399	19
16402	19
16411	13
16435	19
16441	13
16449	19
16450	19
16451	19
16452	19
16453	19
16454	19
16466	13
16491	13
16492	7
16492	13
16492	19
16494	19
16495	19
16502	19
16503	19
16504	19
16505	19
16513	19
16524	19
16532	18
16535	19
16536	19
16537	19
16538	19
16539	19
16540	19
16541	19
16542	19
16543	19
16544	19
16545	19
16546	19
16547	19
16548	19
16549	19
16550	19
16753	19
16768	18
16768	19
16772	19
16824	19
16844	19
16845	9
16845	19
16846	19
16850	19
16899	19
16913	19
16915	19
16917	19
16919	19
16942	19
16949	19
16954	13
16954	19
16956	13
16956	19
16957	19
16958	19
16959	19
16962	13
16985	19
16986	19
16987	19
17000	19
17001	19
17007	18
17017	19
17018	19
17019	19
17020	19
17023	19
17025	13
17031	19
17032	19
17033	19
17034	19
17035	19
17036	19
17037	19
17039	19
17040	19
17063	13
17068	19
17089	19
17101	19
17160	19
17168	13
17168	19
17183	13
17185	19
17186	19
17187	19
17205	19
17223	13
17232	19
17235	4
17235	5
17248	19
17260	19
17263	19
17271	19
17272	19
17275	19
17277	19
17278	19
17279	19
17290	19
17291	19
17292	19
17298	19
17299	19
17314	19
17326	19
17327	19
17328	19
17329	19
17355	19
17356	19
17357	19
17359	19
17360	19
17365	19
17432	19
17433	19
17435	19
17465	19
17467	19
17469	19
17473	19
17474	19
17475	19
17476	19
17479	19
17480	19
17481	19
17482	19
17483	19
17525	19
17526	19
17550	19
17551	19
17552	19
17582	19
17583	19
17584	19
17608	4
17608	5
17608	19
17609	19
17611	5
17611	19
17612	19
17613	19
17617	5
17619	5
17619	19
17630	19
17631	19
17633	19
17634	19
17636	19
17637	19
17646	19
17649	19
17652	19
17661	19
17663	19
17664	19
17677	19
17717	20
17724	20
17730	19
17731	19
17827	19
17830	19
17831	19
17832	19
17835	19
17841	19
17931	9
18002	19
18003	19
18004	19
18005	19
18006	19
18007	19
18008	19
18009	19
18019	19
18020	19
18032	12
18032	19
18033	12
18033	19
18039	19
18040	19
18042	19
18048	19
18049	19
18050	19
18161	19
18162	19
18163	19
18164	19
18172	19
18181	19
18183	19
18196	19
18229	19
18230	19
18256	7
18271	19
18272	19
18273	19
18274	19
18293	9
18293	10
18301	19
18320	19
18364	6
18369	19
18370	19
18373	19
18401	19
18402	19
18440	19
18442	19
18551	16
18552	19
18570	19
18575	19
18576	13
18576	19
18578	19
18579	19
18591	19
18594	9
18594	10
18594	19
18597	19
18607	19
18608	9
18608	10
18608	19
18613	19
18661	19
18674	19
18704	19
19030	13
19159	19
19160	19
19161	19
19162	13
19170	19
19177	19
19178	19
19179	19
19182	19
19183	19
19186	9
19200	19
19201	19
19205	13
19205	19
19208	19
19238	19
19239	19
19240	19
19241	19
19242	19
19243	19
19567	9
19622	9
19895	19
19983	16
19990	19
19991	19
20337	19
20379	16
20642	22
20643	22
20644	22
20645	22
20646	22
20647	22
20648	22
20649	22
20650	22
20651	22
20652	22
20653	22
20654	22
20655	22
20656	17
20656	22
20657	22
20658	22
20659	17
20659	22
20660	22
20661	22
20662	22
20663	22
20664	22
20665	22
20666	17
20666	22
20667	22
20669	22
20670	22
20671	22
20672	22
20673	22
20674	22
20675	22
20676	22
20677	22
20678	22
20679	22
20680	22
20681	22
20682	22
20683	22
20684	22
20685	22
20686	22
20687	22
20688	22
20689	22
20690	22
20691	22
20692	22
20693	22
20694	22
20695	22
20696	22
20697	22
20698	22
20699	22
20700	22
20701	22
20702	22
20703	22
20704	22
20705	22
20706	22
20707	22
20708	22
20709	22
20710	22
20711	22
20712	22
20713	22
20714	22
20715	22
20716	22
20717	22
20718	22
20719	22
20720	22
20721	22
20722	22
20723	22
20724	22
20725	22
20726	22
20727	22
20728	22
20730	22
20731	22
20732	22
20733	22
20734	22
20735	22
20736	22
20737	22
20738	22
20739	22
20740	22
20741	22
20742	22
20743	22
20744	22
20745	22
20746	22
20747	22
20748	22
20749	22
20750	22
20751	22
20752	22
20753	22
20754	22
20755	22
20756	22
20757	22
20758	22
20759	22
20760	22
20761	22
20762	22
20763	22
20764	22
20765	22
20769	17
20773	22
20774	22
20782	22
20785	22
20788	22
20791	22
20792	17
20792	22
20802	22
20810	17
20810	22
20811	22
20812	22
20815	22
20816	22
20817	22
20818	22
20820	22
20821	22
20822	22
20823	22
20824	22
20825	22
20827	22
20828	22
20835	22
20837	22
20841	17
20842	22
20844	22
20863	19
20866	9
20866	10
20866	13
20866	19
20878	7
20884	14
20884	19
20896	19
20917	19
20918	19
20928	19
20929	19
20930	19
20931	19
20932	19
20933	13
20933	19
20935	19
20936	19
20938	19
20942	9
20942	13
20942	19
20953	19
20954	19
20960	19
20961	19
20962	19
20965	19
20967	19
20968	19
20969	19
20970	19
20971	19
20999	19
21000	19
21001	19
21004	19
21005	19
21006	19
21007	19
21011	19
21012	13
21020	19
21025	19
21027	19
21030	19
21031	19
21032	19
21033	19
21034	19
21037	13
21039	19
21040	19
21044	19
21045	19
21047	19
21048	19
21049	19
21050	19
21051	13
21051	19
21052	19
21053	19
21054	19
21055	19
21056	19
21057	19
21058	19
21059	19
21060	19
21061	19
21062	19
21063	19
21064	19
21065	19
21066	19
21067	19
21068	19
21069	19
21070	19
21071	19
21072	19
21073	19
21074	19
21075	19
21076	19
21077	19
21078	19
21079	19
21080	19
21081	19
21082	19
21083	19
21084	19
21085	19
21086	19
21087	19
21088	19
21089	19
21090	19
21092	6
21092	7
21092	8
21092	18
21092	19
21112	19
21112	20
21113	19
21114	19
21115	19
21124	18
21124	19
21125	19
21126	19
21127	19
21128	19
21130	19
21135	18
21136	18
21137	19
21138	19
21139	9
21139	13
21139	19
21140	19
21142	9
21142	19
21144	19
21148	19
21161	19
21163	13
21164	19
21173	19
21174	19
21175	19
21176	19
21177	19
21183	19
21184	19
21185	19
21188	19
21197	19
21198	19
21199	19
21200	19
21201	19
21202	19
21208	19
21209	19
21210	19
21211	19
21212	19
21213	19
21214	19
21215	19
21216	19
21217	19
21218	19
21219	19
21220	19
21221	19
21222	19
21223	19
21224	19
21225	19
21226	19
21227	19
21228	19
21229	19
21230	19
21231	19
21232	19
21233	19
21234	19
21236	19
21246	19
21250	19
21251	19
21252	19
21253	19
21254	19
21255	19
21256	19
21263	19
21264	19
21265	19
21266	19
21276	19
21277	19
21278	19
21279	19
21283	19
21284	19
21285	19
21286	19
21287	19
21288	19
21289	19
21290	19
21291	19
21292	13
21292	19
21294	19
21297	13
21297	19
21298	19
21299	19
21301	19
21302	19
21303	19
21304	19
21305	19
21306	19
21307	19
21308	19
21309	19
21381	19
21386	19
21387	19
21388	19
21389	19
21390	19
21391	19
21397	19
21401	19
21402	19
21403	19
21405	9
21405	13
21409	13
21413	19
21414	19
21415	19
21416	12
21416	13
21416	19
21417	19
21419	19
21420	13
21427	19
21432	9
21432	10
21432	12
21432	19
21433	19
21434	18
21434	19
21437	12
21437	13
21437	19
21438	19
21440	13
21441	19
21442	19
21445	13
21446	19
21447	19
21448	19
21449	19
21450	13
21450	19
21451	19
21453	19
21454	19
21465	5
21466	5
21467	5
21468	5
21479	19
21519	5
21520	5
21526	5
21532	19
21533	5
21533	6
21533	8
21533	13
21533	19
21539	19
21545	19
21546	19
21547	19
21548	19
21549	19
21550	19
21554	19
21556	16
21559	19
21560	19
21561	19
21562	19
21563	19
21564	19
21565	19
21579	19
21580	19
21581	19
21582	19
21583	19
21584	19
21594	19
21595	19
21598	19
21599	19
21600	19
21601	19
21602	19
21603	19
21604	19
21611	19
21622	9
21622	19
21624	19
21630	13
21630	19
21631	19
21632	19
21633	19
21634	19
21635	19
21636	19
21637	19
21638	19
21639	19
21640	19
21641	13
21646	19
21648	19
21649	19
21650	19
21651	19
21652	19
21653	19
21654	19
21655	19
21656	19
21657	19
21658	19
21659	19
21660	19
21661	19
21662	19
21663	19
21664	19
21665	19
21666	19
21667	19
21668	19
21669	19
21670	19
21671	19
21672	19
21673	19
21674	19
21675	19
21676	19
21677	19
21678	19
21679	19
21680	19
21681	19
21683	19
21685	19
21686	19
21687	19
21688	19
21689	19
21691	19
21692	19
21693	19
21694	19
21695	13
21695	19
21696	19
21697	19
21699	19
21700	19
21701	19
21702	19
21703	19
21704	19
21705	19
21706	19
21707	19
21708	19
21710	19
21712	19
21713	19
21716	13
21716	19
21717	19
21718	19
21719	19
21720	19
21721	19
21722	19
21723	19
21724	19
21725	19
21726	19
21727	19
21728	19
21733	19
21734	19
21735	19
21736	19
21737	19
21738	19
21739	19
21740	19
21741	19
21742	19
21743	19
21744	19
21745	19
21746	19
21747	19
21748	19
21749	19
21750	19
21751	19
21752	19
21753	19
21754	19
21755	19
21756	19
21758	19
21760	19
21761	19
21762	19
21763	19
21764	19
21765	19
21766	19
21767	19
21768	19
21769	19
21770	19
21771	19
21772	19
21773	19
21774	19
21775	19
21776	19
21777	19
21778	19
21779	19
21780	19
21788	9
21789	19
21790	19
21791	19
21792	19
21793	19
21800	13
21800	19
21812	9
21824	13
21824	19
21825	19
21826	19
21827	19
21828	13
21837	19
21838	19
21839	19
21840	19
21841	19
21842	19
21847	19
21861	13
21861	19
21863	19
21866	9
21874	19
21878	16
21880	9
21880	19
21881	19
21882	19
21884	19
21885	19
21886	13
21886	19
21887	19
21888	19
21889	19
21890	19
21891	19
21892	19
21893	13
21893	19
21894	19
21895	19
21896	19
21897	19
21898	19
21900	19
21901	19
21910	19
21911	19
21912	19
21921	19
21927	19
21928	18
21934	19
21935	19
21941	19
21942	19
21947	13
21947	19
21948	19
21949	19
21950	9
21950	10
21950	13
21950	18
21950	19
21951	19
21952	19
21953	13
21953	19
21954	19
21955	19
21956	19
21957	19
21958	19
21959	13
21959	19
21960	19
21961	13
21961	19
21976	16
21978	19
21986	19
21989	19
21990	19
21991	19
21992	19
22003	19
22004	9
22004	10
22004	13
22004	19
22005	19
22006	19
22007	13
22007	19
22008	13
22008	19
22009	13
22009	19
22011	9
22011	10
22011	13
22011	19
22012	13
22012	19
22016	19
22019	19
22020	19
22023	19
22029	19
22030	19
22031	13
22038	19
22039	19
22057	19
22058	19
22059	19
22060	19
22061	19
22112	13
22133	19
22134	19
22135	19
22136	19
22139	19
22140	19
22159	13
22159	19
22160	19
22161	19
22182	19
22189	13
22189	19
22190	19
22191	19
22192	13
22192	19
22193	19
22194	19
22195	13
22195	19
22197	19
22204	19
22213	19
22214	19
22216	9
22216	10
22216	13
22216	19
22225	19
22229	19
22230	19
22231	19
22234	19
22240	13
22240	19
22241	13
22241	19
22243	13
22254	13
22270	13
22270	19
22276	19
22286	18
22286	19
22288	19
22291	19
22292	19
22304	19
22305	19
22307	19
22308	19
22322	19
22332	19
22333	13
22334	19
22335	19
22336	19
22337	19
22345	13
22345	19
22353	19
22363	9
22365	19
22366	19
22372	19
22373	19
22378	19
22379	19
22380	19
22382	19
22383	19
22384	19
22385	19
22386	19
22387	19
22389	19
22390	19
22391	19
22396	19
22397	19
22398	19
22399	19
22400	19
22401	19
22402	19
22403	19
22404	19
22405	19
22406	19
22423	19
22424	19
22426	19
22427	19
22428	19
22429	19
22431	19
22432	19
22433	19
22450	19
22452	19
22453	19
22454	19
22455	19
22456	19
22457	19
22458	19
22459	19
22460	19
22461	19
22462	19
22463	19
22464	19
22465	19
22466	19
22467	19
22468	19
22469	19
22470	19
22471	19
22472	19
22473	19
22473	20
22474	19
22475	19
22479	19
22480	19
22481	19
22482	19
22483	19
22484	19
22485	19
22486	19
22487	19
22488	19
22489	19
22490	19
22491	19
22492	19
22493	19
22494	19
22495	19
22496	19
22497	19
22498	19
22499	19
22500	19
22501	19
22502	19
22503	19
22504	19
22505	19
22506	19
22507	19
22508	19
22509	19
22510	19
22511	19
22512	19
22513	19
22514	19
22515	19
22516	19
22517	19
22518	19
22519	19
22520	19
22521	19
22522	19
22523	19
22524	19
22525	19
22526	19
22527	19
22528	19
22529	19
22530	19
22531	19
22532	19
22533	19
22534	19
22535	19
22536	19
22537	19
22538	19
22539	19
22540	19
22541	19
22542	19
22543	19
22544	19
22545	19
22546	19
22547	19
22548	19
22549	19
22550	19
22551	19
22552	19
22553	19
22554	19
22555	19
22556	19
22557	19
22558	19
22559	19
22560	19
22561	19
22562	19
22563	19
22564	19
22565	19
22566	19
22570	19
22571	19
22572	19
22573	19
22574	19
22575	19
22576	19
22577	19
22578	19
22579	19
22580	19
22581	19
22582	19
22583	19
22584	19
22585	19
22586	19
22587	19
22588	19
22589	19
22590	19
22591	19
22592	19
22593	19
22594	19
22595	19
22596	19
22597	19
22598	19
22599	19
22600	19
22601	19
22602	19
22603	19
22604	19
22605	19
22606	19
22607	19
22608	19
22609	19
22610	19
22611	19
22612	19
22613	19
22614	19
22615	19
22616	19
22617	19
22618	19
22619	19
22620	19
22621	19
22622	19
22623	19
22624	19
22625	19
22626	19
22628	19
22629	19
22630	19
22631	19
22632	19
22636	19
22637	19
22638	19
22639	19
22640	19
22641	19
22642	19
22643	19
22644	19
22645	19
22646	19
22647	19
22648	19
22649	19
22650	19
22651	19
22662	19
22663	12
22663	18
22675	19
22677	19
22682	19
22684	19
22685	19
22686	19
22687	19
22688	19
22689	19
22690	19
22692	19
22693	19
22694	19
22728	19
22729	19
22730	19
22731	19
22732	19
22733	19
22735	19
22736	19
22738	19
22739	19
22758	19
22760	19
22761	19
22762	19
22764	19
22765	19
22766	19
22767	19
22768	19
22769	19
22770	19
22771	19
22772	19
22773	19
22776	19
22777	19
22778	19
22779	19
22780	19
22781	19
22785	19
22787	19
22789	19
22790	19
22792	19
22793	19
22794	19
22795	19
22797	19
22798	19
22799	19
22800	19
22801	19
22803	19
22804	19
22805	19
22806	19
22807	19
22808	19
22809	19
22810	19
22811	19
22819	5
22819	19
22820	19
22821	19
22826	19
22827	19
22828	19
22829	19
22830	19
22835	19
22836	19
22838	19
22839	19
22840	19
22841	19
22842	19
22843	19
22844	19
22845	19
22846	19
22847	19
22848	19
22849	19
22850	19
22851	19
22852	19
22855	19
22856	19
22857	19
22858	19
22859	19
22860	19
22861	19
22862	19
22863	19
22864	19
22865	19
22867	19
22868	19
22869	19
22870	19
22871	19
22872	19
22876	19
22883	19
22884	19
22885	19
22886	19
22887	19
22888	19
22889	19
22890	19
22891	19
22892	19
22893	19
22895	19
22896	19
22897	19
22898	9
22898	19
22902	19
22903	19
22904	19
22905	19
22906	19
22907	19
22908	19
22909	19
22910	19
22911	19
22914	19
22917	19
22918	19
22919	19
22920	19
22921	19
22922	19
22934	5
22939	19
22940	19
22944	19
22945	19
22946	19
22948	19
22952	13
22952	19
22953	13
22953	19
22957	19
22962	19
22963	19
22964	19
22970	13
22970	19
22972	19
22975	19
22977	19
22979	19
22980	19
22982	19
22984	19
22985	19
22986	19
22987	19
22988	19
22990	19
22992	19
22994	19
22996	9
22996	10
22996	12
23011	13
23060	19
23061	19
23087	19
23091	19
23104	19
23109	19
23110	19
23111	19
23112	19
23113	19
23114	19
23115	19
23116	19
23117	19
23118	19
23119	19
23120	19
23121	19
23122	19
23123	19
23124	19
23126	8
23126	13
23126	19
23127	4
23127	5
23127	19
23128	4
23128	5
23128	19
23129	4
23129	5
23129	19
23130	4
23130	5
23131	4
23131	5
23131	19
23132	4
23132	5
23132	19
23133	4
23133	5
23133	19
23134	4
23134	5
23134	19
23135	4
23135	5
23136	4
23136	5
23137	4
23137	5
23138	4
23138	5
23139	4
23139	5
23140	4
23140	5
23140	19
23141	4
23141	5
23142	4
23142	5
23142	19
23143	4
23143	5
23143	19
23144	4
23144	5
23144	19
23145	4
23145	5
23146	4
23146	5
23147	4
23147	5
23148	4
23148	5
23148	19
23149	4
23149	5
23149	19
23150	4
23150	5
23150	19
23151	5
23151	19
23152	4
23152	5
23153	4
23153	5
23154	4
23154	5
23155	4
23155	5
23156	4
23156	5
23157	4
23157	5
23158	4
23158	5
23159	4
23159	5
23160	4
23160	5
23161	4
23161	5
23162	4
23162	5
23164	4
23164	5
23164	19
23165	5
23165	19
23166	4
23166	5
23166	19
23167	4
23167	5
23167	19
23168	4
23168	5
23168	19
23169	4
23169	5
23169	13
23169	19
23234	19
23238	19
23240	19
23255	19
23363	19
23364	19
23365	19
23385	19
23460	19
23461	19
23462	19
23463	19
23464	19
23485	22
23487	22
23489	22
23530	22
23534	5
23540	5
23544	6
23547	5
23574	19
23575	19
23576	19
23577	19
23578	19
23579	19
23580	19
23584	19
23585	19
23588	19
23592	19
23593	19
23687	19
23690	19
23698	19
23703	19
23710	19
23711	19
23712	19
23713	19
23714	19
23715	19
23716	19
23731	19
23735	13
23736	13
23739	19
23740	7
23740	8
23740	12
23740	13
23740	14
23740	19
23741	19
23742	19
23743	19
23760	13
23760	16
23767	16
23781	19
23782	19
23783	19
23784	13
23784	19
23785	13
23785	19
23786	13
23786	19
23789	19
23793	13
23793	19
23794	19
23795	19
23796	19
23798	19
23799	19
23800	19
23801	19
23802	19
23803	13
23803	19
23804	13
23804	19
23805	19
23806	19
23807	19
23808	19
23809	19
23810	19
23811	19
23812	19
23813	19
23814	19
23815	19
23816	19
23817	19
23818	19
23819	19
23820	13
23820	19
23821	19
23822	13
23822	19
23823	19
23824	13
23824	19
23825	19
23826	19
23827	19
23828	19
23829	19
23834	13
23841	19
23842	19
23843	19
23844	19
23845	19
23848	19
23868	19
23869	19
23870	19
23871	19
23872	19
23873	19
23873	20
23877	19
23878	7
23878	8
23878	12
23878	13
23878	18
23878	19
23882	19
23883	19
23884	19
23885	19
23971	19
23979	19
23980	19
23982	19
23995	19
23996	19
23997	19
23998	19
24017	13
24023	19
24026	19
24027	19
24028	19
24029	19
24030	19
24031	19
24032	19
24038	13
24038	19
24083	20
24088	19
24090	19
24107	9
24111	19
24132	19
24133	19
24134	19
24251	19
24254	19
24256	19
24257	19
24259	19
24264	19
24265	19
24266	19
24269	19
24270	19
24271	19
24282	19
24283	19
24284	19
24285	19
24292	19
24293	19
24317	19
24318	19
24335	19
24337	19
24338	19
24339	19
24340	19
24346	19
24347	19
24352	19
24353	19
24376	19
24377	19
24378	19
24379	19
24380	19
24381	19
24396	19
24397	19
24412	19
24413	19
24414	19
24415	19
24416	19
24417	19
24421	19
24422	19
24423	19
24424	19
24425	19
24426	19
24429	19
24430	19
24432	19
24433	19
24434	19
24437	19
24438	19
24445	19
24446	19
24447	19
24449	19
24450	19
24451	19
24455	19
24456	19
24457	19
24483	19
24484	19
24485	19
24486	19
24487	19
24488	19
24489	19
24490	19
24494	19
24495	19
24497	19
24498	19
24500	19
24519	19
24520	19
24529	19
24530	19
24533	19
24534	19
24535	12
24535	19
24536	19
24537	19
24538	19
24539	19
24540	12
24540	19
24541	19
24542	19
24543	19
24544	19
24545	19
24546	19
24547	19
24548	19
24549	19
24550	19
24551	19
24552	19
24553	19
24554	19
24555	19
24556	19
24557	19
24558	19
24559	19
24560	19
24561	19
24562	19
24563	19
24564	19
24565	19
24566	19
24567	19
24568	19
24569	19
24570	19
24571	19
24572	19
24573	19
24574	19
24575	19
24576	19
24577	19
24578	19
24579	19
24580	19
24581	19
24582	19
24583	19
24584	19
24585	19
24586	19
24587	19
24588	19
24589	19
24590	19
24591	19
24592	19
24593	19
24594	19
24595	19
24596	19
24597	19
24598	19
24599	19
24600	19
24601	19
24602	19
24603	19
24604	19
24605	19
24606	19
24607	19
24608	19
24609	19
24610	19
24611	19
24612	19
24613	19
24614	19
24615	19
24616	19
24617	19
24618	19
24619	19
24620	19
24621	19
24622	19
24623	19
24624	19
24625	19
24626	19
24627	19
24628	19
24629	19
24630	19
24631	19
24632	19
24633	19
24634	19
24635	19
24636	19
24637	19
24639	19
24641	19
24642	19
24643	19
24645	19
24646	19
24648	19
24649	19
24650	19
24651	19
24652	19
24653	19
24654	19
24655	19
24656	19
24662	19
24663	19
24666	19
24667	19
24668	19
24669	19
24670	19
24671	19
24672	19
24673	19
24674	19
24675	19
24676	19
24677	19
24678	19
24679	19
24680	19
24681	19
24682	19
24683	19
24684	19
24685	19
24686	19
24687	19
24688	19
24689	19
24690	19
24691	19
24692	19
24693	19
24694	19
24695	19
24696	19
24697	19
24698	19
24699	19
24702	19
24703	19
24705	19
24707	19
24708	19
24709	19
24710	19
24711	19
24712	19
24713	19
24714	19
24715	19
24716	19
24717	19
24719	19
24720	19
24721	19
24722	19
24723	19
24724	19
24725	19
24726	19
24727	19
24728	19
24729	19
24730	19
24731	19
24732	19
24734	19
24736	19
24738	19
24741	19
24742	19
24745	19
24750	19
24752	19
24753	19
24754	19
24755	19
24756	19
24757	19
24760	19
24762	19
24764	19
24766	19
24769	19
24771	19
24773	19
24775	19
24777	19
24778	19
24779	19
24780	19
24781	19
24782	19
24783	19
24784	19
24785	19
24786	19
24787	19
24788	19
24789	19
24790	19
24791	19
24792	19
24793	19
24794	19
24795	19
24796	19
24798	19
24799	19
24800	19
24801	19
24802	19
24804	19
24806	19
24808	19
24810	19
24811	19
24812	19
24813	19
24814	19
24815	19
24816	19
24817	19
24818	19
24819	19
24820	19
24821	19
24822	19
24823	19
24824	19
24825	19
24826	19
24827	19
24828	19
24829	19
24830	19
24832	19
24840	19
24841	19
24842	19
24843	19
24844	19
24845	19
24846	19
24847	19
24848	19
24850	19
24851	19
24852	19
24853	19
24854	19
24855	19
24856	19
24857	19
24858	19
24859	19
24860	19
24861	19
24862	19
24863	19
24864	19
24865	19
24866	19
24867	19
24868	19
24869	19
24870	19
24871	19
24872	19
24873	19
24874	19
24875	19
24876	19
24877	19
24878	19
24879	19
24880	19
24882	19
24883	19
24884	19
24885	19
24886	19
24887	19
24888	19
24889	19
24890	19
24891	19
24892	19
24893	19
24894	19
24895	19
24896	19
24897	19
24898	19
24899	19
24900	19
24901	19
24902	19
24903	19
24904	19
24905	19
24908	19
24909	19
24913	19
24915	19
24916	19
24917	19
24918	19
24919	19
24920	19
24921	19
24922	19
24923	19
24924	19
24932	19
24933	19
24934	19
24935	19
24936	19
24937	19
24938	19
24939	19
24940	19
24941	19
24942	19
24943	19
24944	19
24945	19
24946	19
24947	19
24948	19
24949	19
24950	19
24951	19
24952	19
24953	19
24954	19
24955	19
24956	19
24957	19
24958	19
24959	19
24960	19
24961	19
24962	19
24963	19
24964	19
24965	19
24966	19
24968	19
24969	19
24970	19
24972	19
24973	19
24974	19
24975	19
24976	19
24977	19
24978	19
24979	19
24980	19
24983	19
24984	13
24984	19
24985	19
24986	19
24987	19
24988	19
24989	19
24990	13
24990	19
24991	19
24992	19
24993	19
24994	19
24995	19
24996	19
24997	19
24998	19
24999	19
25000	19
25001	19
25002	19
25003	19
25004	19
25005	19
25006	19
25008	19
25011	19
25012	19
25013	19
25014	19
25015	19
25016	19
25017	19
25018	19
25019	19
25020	19
25021	19
25022	19
25023	19
25025	19
25026	19
25034	13
25035	19
25036	19
25048	19
25052	19
25053	19
25054	19
25056	19
25057	19
25062	19
25081	19
25082	19
25086	19
25089	20
25144	19
25145	19
25146	19
25147	19
25148	19
25171	19
25172	19
25175	19
25176	19
25177	19
25178	19
25179	19
25180	19
25181	19
25182	19
25183	19
25185	19
25186	19
25208	22
25209	17
25209	22
25212	22
25213	22
25215	17
25215	22
25219	22
25220	22
25221	22
25229	19
25235	22
25243	13
25243	22
25244	22
25248	22
25250	19
25251	19
25253	22
25256	19
25258	22
25259	22
25264	19
25265	19
25278	19
25279	19
25281	19
25282	19
25283	19
25284	19
25295	19
25296	19
25297	19
25298	19
25299	19
25305	13
25309	19
25310	19
25311	19
25319	19
25320	19
25321	19
25322	19
25323	19
25324	19
25325	19
25326	19
25329	19
25330	19
25332	19
25334	13
25334	19
25335	19
25337	19
25340	19
25341	19
25342	19
25343	19
25344	19
25345	19
25351	19
25352	19
25353	19
25354	19
25356	19
25357	19
25358	19
25359	19
25361	19
25362	19
25363	19
25364	19
25365	19
25366	19
25367	19
25368	19
25369	13
25369	19
25370	19
25371	19
25394	9
25401	19
25402	19
25403	19
25404	19
25405	19
25407	19
25409	19
25416	19
25423	19
25438	19
25451	19
25453	19
25468	19
25470	19
25476	19
25477	19
25482	19
25486	19
25499	19
25519	19
25520	19
25522	19
25528	19
25533	19
25536	19
25537	19
25540	19
25541	19
25545	19
25550	19
25559	19
25561	19
25607	19
25633	19
25639	19
25649	19
25670	19
25687	19
25691	19
25701	19
25703	19
25709	19
25712	19
25715	19
25733	19
25737	19
25745	19
25749	19
25750	19
25751	19
25757	19
25758	19
25762	19
25773	19
25774	9
25774	19
25782	19
25789	19
25791	19
25796	19
25798	19
25809	19
25818	19
25819	19
25822	19
25823	19
25824	19
25825	19
25826	19
25831	19
25834	19
25836	19
25838	19
25839	19
25845	19
25850	19
25858	19
25864	19
25867	19
25872	19
25873	19
25874	19
25875	19
25876	19
25877	19
25881	19
25883	19
25887	20
25888	19
25889	19
25890	19
25891	19
25892	19
25894	19
25915	19
25918	19
25924	19
25938	19
25943	19
25945	19
25946	19
25951	19
25952	19
25967	19
25968	19
25969	19
25973	19
25975	19
25979	19
25982	19
25988	19
26000	19
26003	19
26004	20
26008	19
26014	19
26018	19
26021	19
26028	19
26029	19
26032	19
26043	19
26048	19
26053	19
26055	19
26058	19
26060	19
26066	19
26077	19
26083	19
26085	19
26086	19
26090	19
26092	19
26097	19
26099	19
26101	9
26108	19
26118	19
26122	19
26124	19
26125	19
26130	19
26134	19
26135	19
26148	19
26156	19
26163	19
26183	19
26184	19
26188	19
26192	19
26198	19
26200	19
26204	19
26207	19
26221	19
26223	19
26224	19
26226	19
26228	19
26231	19
26238	19
26243	19
26244	19
26250	19
26258	19
26259	19
26270	19
26272	19
26273	19
26279	19
26288	9
26293	19
26297	19
26299	19
26313	19
26316	19
26323	19
26330	19
26331	19
26335	19
26339	19
26346	19
26358	19
26365	19
26374	19
26378	19
26382	19
26384	19
26406	19
26409	19
26410	19
26411	19
26415	19
26416	19
26417	19
26421	19
26422	19
26423	19
26425	12
26425	13
26425	19
26426	19
26427	19
26431	20
26446	19
26484	19
26485	19
26486	19
26515	16
26528	13
26536	19
26538	19
26539	18
26542	13
26591	19
26593	19
26594	19
26609	19
26611	19
26617	13
26617	18
26618	13
26618	18
26639	19
26640	13
26640	18
26768	8
26768	19
26769	13
26769	19
26771	19
26772	19
26773	19
26775	13
26787	16
26787	19
26788	19
26791	13
26791	19
26792	19
26793	19
26798	13
26798	19
26799	19
26809	13
26809	19
26817	19
26818	19
26821	19
26822	19
26847	19
26874	6
26874	19
26875	6
26876	6
26891	19
27028	13
27046	13
27061	16
27062	16
27063	16
27066	16
27129	9
27129	10
27141	19
27142	9
27142	10
27142	12
27142	19
27146	19
27150	19
27239	19
27242	19
27255	19
27259	19
27264	19
27268	19
27271	19
27277	19
27281	19
27286	19
27289	19
27291	19
27292	19
27295	19
27296	19
27297	19
27301	19
27308	19
27311	19
27312	19
27317	19
27319	19
27320	19
27324	19
27327	19
27333	19
27336	19
27338	19
27339	19
27342	19
27344	19
27351	19
27357	19
27359	19
27372	19
27387	19
27390	19
27393	19
27397	19
27403	19
27408	19
27409	19
27412	19
27430	19
27433	19
27445	19
27446	19
27456	19
27465	20
27469	19
27470	19
27483	19
27492	19
27495	19
27508	9
27513	19
27514	19
27515	19
27521	19
27524	19
27525	19
27537	19
27545	19
27560	20
27561	19
27564	19
27568	19
27570	19
27574	19
27584	19
27591	19
27592	19
27603	19
27604	19
27619	19
27625	19
27626	19
27627	19
27627	20
27628	19
27631	19
27634	19
27635	19
27637	19
27638	19
27643	19
27648	19
27660	19
27662	19
27673	19
27676	19
27679	19
27685	19
27689	19
27690	19
27691	19
27694	19
27695	19
27696	19
27697	19
27698	19
27699	19
27700	19
27701	19
27703	19
27705	19
27706	19
27713	19
27717	19
27720	19
27721	19
27722	19
27724	19
27726	19
27727	19
27728	19
27729	19
27732	19
27733	19
27734	19
27740	19
27742	19
27747	19
27751	19
27757	19
27766	19
27769	19
27771	19
27772	19
27775	19
27776	19
27777	19
27778	19
27780	19
27782	19
27786	19
27799	19
27805	19
27807	19
27809	19
27811	19
27817	19
27818	19
27820	19
27826	19
27828	19
27829	19
27850	19
27851	19
27852	19
27853	19
27854	19
27855	19
27857	19
27860	19
27862	19
27865	19
27866	19
27867	19
27868	19
27869	19
27884	19
27885	19
27886	19
27895	19
27896	19
27907	19
27929	19
27930	19
27931	19
27938	19
27939	19
27940	19
27941	19
27942	19
27943	19
27944	19
27945	19
27946	19
27947	19
27957	19
27958	19
27959	19
27960	19
27961	13
27961	19
27962	19
27963	19
27979	19
27981	19
27982	19
27983	19
27986	19
27988	7
27988	8
27988	19
27989	9
27989	19
27991	19
27992	19
27993	19
27994	19
27996	19
28005	19
28006	19
28007	13
28010	13
28010	19
28011	19
28012	19
28013	19
28014	19
28015	19
28016	19
28017	19
28018	19
28019	19
28020	19
28021	19
28046	13
28047	13
28054	13
28063	6
28063	13
28063	19
28064	19
28065	19
28066	19
28083	19
28085	19
28086	19
28091	19
28092	19
28095	19
28147	19
28148	19
28149	19
28150	19
28151	19
28152	19
28153	19
28154	19
28155	19
28156	19
28160	19
28162	19
28163	19
28164	19
28165	19
28166	19
28167	19
28168	19
28169	19
28170	19
28182	19
28198	19
28199	19
28200	19
28201	19
28204	18
28204	19
28205	19
28206	19
28207	18
28207	19
28208	19
28209	19
28210	19
28215	19
28216	19
28217	19
28218	19
28219	19
28222	19
28223	19
28229	19
28230	19
28231	19
28232	19
28234	19
28235	19
28236	19
28238	19
28239	19
28240	19
28241	19
28242	19
28243	19
28244	19
28245	19
28246	19
28247	19
28248	19
28249	19
28250	19
28251	19
28252	19
28253	19
28254	19
28255	19
28256	19
28257	19
28258	19
28259	19
28263	19
28264	19
28270	19
28271	19
28280	19
28284	19
28285	19
28297	19
28298	19
28299	19
28300	19
28301	19
28302	19
28303	19
28304	19
28305	19
28306	19
28307	19
28308	19
28310	18
28312	19
28315	19
28316	19
28317	19
28320	13
28320	19
28323	9
28323	10
28323	12
28323	13
28323	15
28323	18
28323	19
28324	19
28325	19
28326	19
28327	19
28328	19
28329	19
28330	19
28331	19
28333	19
28334	19
28338	19
28339	13
28339	19
28343	19
28344	19
28345	9
28347	19
28358	13
28358	19
28359	19
28362	19
28367	19
28368	19
28369	19
28373	19
28374	19
28375	19
28379	13
28379	19
28380	19
28381	13
28381	19
28382	19
28388	19
28389	19
28390	19
28391	19
28392	19
28393	19
28403	9
28404	19
28405	19
28406	19
28415	9
28415	10
28415	12
28415	13
28415	19
28416	19
28429	5
28430	5
28431	5
28432	18
28433	5
28434	5
28435	5
28436	5
28437	5
28438	5
28439	5
28440	5
28441	5
28442	5
28443	5
28447	19
28449	6
28449	19
28450	19
28451	19
28452	19
28456	19
28457	19
28458	6
28458	19
28459	6
28459	19
28462	19
28463	19
28464	19
28465	19
28474	19
28507	9
28533	9
28539	9
28575	19
28576	19
28639	13
28639	19
28690	19
28691	19
28698	9
28698	10
28698	13
28698	15
28698	18
28698	19
28699	13
28699	19
28728	19
28729	19
28730	19
28733	13
28734	13
28734	19
28742	19
28743	7
28744	19
28760	19
28763	19
28764	19
28765	19
28766	19
28793	19
28794	19
28795	13
28795	19
28796	13
28796	19
28797	13
28799	19
28800	19
28801	19
28802	19
28803	19
28804	19
28805	19
28806	6
28806	19
28813	19
28834	20
28836	19
28849	19
28850	19
28851	19
28859	19
28872	19
28885	19
28886	19
28887	19
28888	19
28889	19
28890	19
28891	19
28892	19
28893	19
28894	19
28898	19
28899	19
28900	19
28901	19
28902	19
28903	19
28905	19
28906	19
28908	19
28910	19
28911	19
28912	19
28913	19
28914	19
28915	19
28916	19
28917	19
28919	19
28921	19
28922	19
28923	19
28924	19
28927	19
28933	19
28934	19
28935	19
28938	19
28939	19
28940	19
28941	19
28942	19
28944	19
28950	19
28953	19
28962	19
28994	19
28997	19
29011	19
29012	19
29013	19
29037	16
29052	19
29055	19
29064	19
29065	19
29066	9
29066	19
29070	19
29074	19
29075	19
29077	19
29078	19
29079	19
29082	19
29083	19
29084	19
29085	19
29086	19
29092	19
29093	19
29094	19
29095	19
29096	19
29097	19
29098	19
29099	19
29100	19
29101	19
29102	19
29103	19
29104	19
29105	19
29106	19
29107	19
29108	19
29109	19
29110	19
29111	19
29112	19
29113	19
29114	19
29115	19
29116	19
29117	19
29118	19
29119	19
29120	19
29121	19
29122	19
29123	19
29124	19
29125	19
29126	19
29127	19
29128	19
29129	19
29133	19
29134	19
29135	19
29136	19
29139	19
29140	19
29141	19
29142	19
29143	19
29144	19
29145	19
29146	19
29147	19
29148	19
29149	19
29150	19
29151	19
29152	19
29153	19
29154	19
29155	19
29156	19
29157	19
29158	19
29159	19
29160	19
29161	19
29162	19
29163	19
29168	19
29171	19
29172	19
29173	19
29174	19
29175	19
29176	19
29177	19
29178	19
29179	19
29180	19
29181	19
29182	19
29183	19
29184	19
29185	19
29186	19
29187	19
29188	19
29189	19
29190	19
29191	19
29192	19
29193	19
29194	19
29195	19
29196	19
29197	19
29198	19
29203	19
29204	19
29205	19
29206	19
29207	19
29208	19
29209	19
29210	19
29211	19
29212	19
29213	19
29214	19
29215	19
29216	19
29217	19
29218	19
29219	19
29220	19
29221	19
29222	19
29223	19
29224	19
29225	19
29226	19
29227	19
29228	19
29229	19
29230	19
29231	19
29232	19
29233	19
29234	19
29235	19
29236	19
29237	19
29238	19
29239	19
29240	19
29242	19
29249	19
29254	19
29255	19
29257	19
29258	19
29261	19
29262	19
29263	19
29264	19
29267	19
29268	19
29269	19
29271	19
29272	19
29273	19
29274	19
29275	19
29276	19
29277	19
29278	19
29279	19
29280	19
29281	19
29283	19
29284	19
29285	19
29286	19
29287	19
29288	19
29289	19
29290	19
29291	19
29292	19
29293	19
29294	19
29297	19
29299	19
29301	19
29302	19
29303	19
29304	19
29305	19
29306	19
29307	19
29308	19
29309	19
29310	19
29311	19
29312	19
29313	19
29314	19
29315	19
29316	19
29317	19
29318	19
29319	19
29320	19
29321	19
29322	19
29323	19
29324	19
29325	19
29326	19
29327	19
29328	19
29329	19
29330	19
29331	19
29332	19
29333	19
29334	19
29335	19
29336	19
29337	19
29338	19
29339	19
29340	19
29341	19
29342	19
29343	19
29344	19
29345	19
29346	19
29347	19
29348	19
29349	19
29350	19
29351	19
29352	19
29353	19
29354	19
29355	19
29356	19
29357	19
29358	19
29359	19
29360	19
29361	19
29362	19
29363	19
29366	19
29367	19
29368	19
29369	19
29370	19
29371	19
29372	19
29373	19
29374	19
29375	19
29376	19
29378	19
29379	19
29380	19
29381	19
29382	19
29383	13
29383	19
29398	19
29399	19
29400	19
29401	19
29402	19
29403	19
29408	19
29409	19
29410	19
29411	19
29413	19
29414	19
29416	19
29417	19
29437	19
29438	19
29451	19
29457	19
29458	19
29459	19
29484	19
29489	19
29499	19
29507	19
29509	19
29511	19
29515	19
29522	19
29534	19
29554	19
29555	19
29558	19
29559	19
29560	19
29561	19
29562	19
29566	19
29574	19
29575	19
29578	19
29584	19
29590	19
29591	19
29595	19
29596	19
29598	19
29600	19
29601	19
29602	19
29615	19
29616	19
29618	19
29619	19
29621	19
29622	19
29624	19
29625	19
29627	19
29635	19
29638	19
29648	19
29653	19
29654	19
29655	19
29692	19
29707	19
29708	19
29709	19
29712	19
29715	9
29716	9
29717	9
29718	19
29721	19
29722	19
29726	19
29727	19
29748	19
29761	19
29762	19
29776	19
29855	19
29872	19
29875	19
29876	19
29890	19
29891	19
29892	19
29902	19
29909	19
29910	19
29913	19
29926	19
30006	9
30014	13
30037	19
30038	19
30039	19
30040	19
30041	19
30044	19
30045	19
30046	19
30050	19
30054	19
30056	19
30058	9
30058	10
30058	15
30058	18
30059	15
30059	18
30059	19
30174	16
30178	16
30189	13
30189	19
30190	13
30190	19
30203	4
30203	5
30253	17
30289	19
30304	5
30305	5
30306	5
30307	5
30308	5
30353	19
30386	19
31113	9
31113	10
31113	15
31752	16
31815	9
31815	10
31815	13
31815	19
31816	19
31817	19
31818	19
31819	13
31819	19
31820	19
31821	19
31830	19
31840	13
31841	13
31843	13
31844	13
31845	19
31846	19
31848	19
31855	19
31856	19
31857	19
31858	19
31859	19
31860	19
31861	19
31862	19
31863	19
31874	19
31875	19
31881	19
31883	19
31891	19
31907	19
31908	19
31931	19
31934	19
31935	19
31996	19
31997	19
32000	19
32022	19
32023	19
32024	19
32037	19
32038	19
32039	19
32040	19
32041	19
32042	19
32043	19
32068	19
32086	18
32086	19
32090	19
32105	9
32112	19
32139	9
32143	19
32144	19
32150	19
32151	19
32152	19
32172	19
32173	19
32174	19
32183	19
32203	19
32223	19
32264	13
32265	13
32267	19
32283	12
32306	19
32331	13
32358	19
32376	13
32376	19
32377	19
32378	19
32379	19
32380	19
32385	19
32399	19
32403	19
32425	19
32427	19
32428	19
32434	19
32435	19
32437	19
32439	9
32440	19
32448	19
32449	19
32458	15
32458	18
32485	19
32486	19
32488	19
32490	19
32499	19
32500	19
32504	19
32524	19
32540	8
32541	19
32581	20
32587	19
32591	8
32619	19
32620	19
32626	19
32627	19
32646	19
32716	19
32729	18
32779	9
32784	19
32785	19
32791	9
32873	19
32874	19
32875	19
32905	19
32913	19
32962	19
32963	19
32974	19
32975	6
32976	6
33016	6
33016	19
33018	6
33031	6
33037	19
33038	19
33042	19
33044	19
33048	19
33049	19
33072	19
33073	19
33074	19
33076	19
33080	19
33088	19
33093	19
33110	19
33111	19
33144	19
33224	19
33244	19
33245	19
33247	19
33249	19
33250	19
33251	19
33252	19
33261	19
33262	19
33265	19
33266	19
33267	19
33270	19
33272	19
33273	19
33278	19
33282	19
33295	6
33295	19
33296	6
33296	19
33297	19
33302	19
33322	19
33324	19
33325	19
33354	9
33354	10
33354	12
33354	15
33354	18
33354	19
33355	8
33355	13
33355	19
33389	19
33416	19
33464	19
33465	19
33565	19
33586	19
33587	19
33684	19
33700	19
33726	9
33726	10
33726	12
33726	15
33734	19
33735	19
33737	19
33751	19
33752	19
33756	19
33757	19
33758	19
33759	19
33760	19
33761	19
33780	19
33781	19
34094	19
34095	19
34116	19
34117	19
34118	19
34122	19
34127	19
34128	19
34129	19
34130	19
34249	19
34250	19
34251	19
34252	19
34258	19
34259	19
34260	19
34261	19
34434	5
34647	19
34856	19
34858	22
34859	22
34860	22
34861	22
34862	22
34863	22
34864	22
34865	17
34865	22
34866	22
34867	22
34868	22
34869	22
34870	22
34871	22
34872	22
34873	22
34874	22
34875	22
34876	22
34877	22
34878	22
34879	22
34880	22
34881	17
34881	22
34884	17
34884	22
34885	22
34886	17
34888	17
34888	22
34889	22
35022	6
35080	19
35101	19
35102	19
35103	19
35304	19
35468	6
35469	6
35470	6
35997	16
35998	16
36000	16
36115	4
36115	5
36177	6
36204	5
36315	4
36315	5
36335	16
36348	4
36348	5
36371	16
36438	6
36469	19
36548	6
36582	22
36583	22
36584	22
36585	22
36586	22
36587	22
36589	22
36590	22
36591	22
36592	22
36593	22
36594	22
36595	22
36596	22
36597	22
36598	22
36599	22
36600	22
36601	22
36602	22
36603	22
36604	22
36605	22
36606	22
36607	22
36608	22
36609	22
36610	22
36611	22
36698	6
36699	6
36774	16
36819	16
36820	16
36824	5
36827	15
36835	5
36836	5
36837	5
36838	5
36839	5
36840	5
36841	5
36857	19
36866	16
36867	16
36871	6
36875	6
36878	5
36883	16
36887	16
36891	16
36893	16
36898	19
36903	16
36904	16
36906	16
36907	16
36908	16
36909	16
36910	16
36912	16
36915	16
38644	19
38645	19
38646	19
38957	6
38958	6
40455	6
41672	21
41726	21
41727	21
41756	21
41763	21
41764	21
41819	21
41820	21
41835	21
41836	21
41837	21
41838	21
41840	21
41854	21
41891	21
41908	21
41917	21
41921	21
41946	16
41947	16
41948	16
41951	21
41966	21
41967	21
41968	21
41988	21
42030	21
42038	21
42051	21
42052	21
42077	21
42088	21
42098	21
42109	21
42112	21
42115	21
42122	21
42123	21
42191	21
42224	21
42249	16
42273	21
42274	21
42282	21
