1	2	35	33
2	2	36	33
3	2	37	33
4	2	41	40
5	2	42	40
6	2	58	56
7	2	75	74
8	2	76	74
9	2	83	82
10	2	100	99
11	2	101	99
12	2	102	99
13	2	105	104
14	2	111	110
15	2	112	110
16	2	128	127
17	2	129	127
18	2	130	127
19	3	145	143
20	2	116	150
21	2	153	152
22	3	201	200
23	2	208	207
24	2	210	209
25	2	241	240
26	2	242	240
27	2	243	240
28	2	251	250
29	2	263	262
30	2	265	264
31	2	260	266
32	2	261	267
33	2	292	291
34	2	293	291
35	2	294	291
36	3	296	295
37	3	297	295
38	3	299	298
39	3	301	300
40	2	304	303
41	2	305	303
42	2	304	306
43	2	305	306
44	2	304	307
45	2	305	307
46	2	310	309
47	3	326	325
48	2	342	341
49	2	344	343
50	3	397	396
51	3	397	398
52	3	400	399
53	3	400	403
54	2	557	563
55	2	564	563
56	2	565	563
57	2	648	647
58	2	993	992
59	2	1016	1015
60	2	1030	1029
61	2	1031	1029
62	3	1035	1034
63	2	1038	1037
64	2	1039	1037
65	3	1051	1050
66	2	1055	1054
67	2	1056	1054
68	2	1057	1054
69	3	1059	1058
70	3	1059	1060
71	3	1088	1087
72	3	1089	1087
73	3	1094	1096
74	2	1110	1109
75	2	1111	1109
76	2	1127	1126
77	2	1144	1143
78	2	1145	1143
79	3	1197	1196
80	3	1197	1198
81	3	1197	1199
82	3	1197	1200
83	3	1202	1201
84	3	1202	1203
85	3	1202	1204
86	3	1202	1205
87	3	1234	1233
88	3	1234	1235
89	3	1234	1236
90	3	1238	1237
91	2	1265	1264
92	2	76	1456
93	2	2446	2445
94	2	2447	2445
95	2	2448	2445
96	2	2449	2445
97	2	2523	2522
98	2	2526	2525
99	2	2528	2527
100	2	2530	2529
101	2	2532	2531
102	2	2555	2554
103	2	2555	2556
104	3	2595	2594
105	3	2898	2899
106	3	2900	2899
107	2	2901	2902
108	2	2901	2903
109	2	100	2904
110	2	2894	2911
111	2	2912	2911
112	2	837	2917
113	2	921	2917
114	2	2918	2917
115	2	737	2919
116	2	747	2919
117	2	831	2919
118	2	2920	2919
119	2	737	2921
120	2	747	2921
121	2	831	2921
122	2	2920	2921
123	2	2924	2923
124	2	2925	2923
125	2	751	2928
126	2	762	2928
127	2	789	2928
128	2	2929	2928
129	2	2931	2930
130	2	2936	2935
131	2	2938	2937
132	2	2940	2939
133	2	2942	2941
134	3	2944	2943
135	2	381	2954
136	2	381	2955
137	3	2957	2956
138	3	2959	2958
139	3	2965	2964
140	2	2967	2966
141	2	36	2966
142	2	37	2966
143	2	2967	2969
144	2	36	2969
145	2	37	2969
146	2	2971	2970
147	2	2972	2970
148	2	2973	2970
149	2	2974	2970
150	2	2975	2970
151	2	36	2970
152	2	37	2970
153	3	2977	2976
154	2	2967	2976
155	2	2967	2978
156	2	36	2978
157	2	2979	2978
158	2	2967	2980
159	2	36	2980
160	2	2979	2980
161	2	2982	2981
162	2	2983	2981
163	2	2986	2985
164	2	2987	2985
165	3	175	2988
166	2	2989	2988
167	2	2990	2988
168	3	2994	2993
169	3	2995	2993
170	3	2997	2996
171	3	2999	2998
172	3	2999	3000
173	3	3002	3001
174	3	2999	3001
175	3	3006	3005
176	3	3008	3007
177	3	3002	3009
178	2	3011	3010
179	2	2992	3012
180	2	3013	3012
181	3	3015	3014
182	2	3017	3016
183	2	3019	3018
184	2	3021	3020
185	2	3024	3023
186	2	3026	3025
187	2	3028	3027
188	2	3030	3029
189	2	3032	3031
190	2	3033	3031
191	3	3032	3034
192	3	3032	3035
193	3	3032	3036
194	3	3032	3037
195	3	3032	3038
196	3	3032	3039
197	3	3032	3040
198	3	3032	3041
199	2	3044	3043
200	3	3032	3045
201	3	3032	3046
202	3	3032	3047
203	3	3032	3048
204	3	3032	3049
205	3	3032	3050
206	2	3053	3052
207	2	3055	3054
208	3	3123	3124
209	3	3123	3125
210	3	3123	3126
211	3	304	3145
212	3	304	3146
213	2	3147	3146
214	2	3148	3146
215	3	304	3149
216	3	305	3149
217	3	304	3150
218	2	3147	3150
219	2	3148	3150
220	3	304	3151
221	2	3152	3151
222	3	304	3153
223	2	1090	3153
224	3	304	3154
225	2	3155	3154
226	3	304	3156
227	2	3157	3156
228	2	3162	3161
229	2	299	3161
230	3	3189	3190
231	3	3189	3191
232	2	76	3224
233	2	3225	3224
234	2	3227	3226
235	2	3230	3229
236	2	3231	3229
237	2	3269	3268
238	2	3270	3268
239	2	3307	3306
240	2	3308	3306
241	3	3387	3386
242	3	3388	3386
243	3	3389	3386
244	2	3391	3390
245	3	3396	3397
246	3	3398	3397
247	3	3396	3399
248	3	3398	3399
249	3	3401	3402
250	3	3401	3403
251	3	3401	3404
252	3	3405	3406
253	3	3405	3407
254	3	3405	3408
255	3	3401	3409
256	3	3410	3411
257	3	3410	3412
258	3	3410	3413
259	3	3410	3414
260	3	3410	3415
261	3	3410	3416
262	3	1035	3418
263	2	3419	3418
264	3	1035	3420
265	3	1035	3421
266	3	1035	3422
267	3	1035	3423
268	3	1035	3424
269	3	1035	3425
270	3	1035	3426
271	2	3419	3426
272	3	1035	3427
273	3	1035	3428
274	3	1035	3429
275	3	1035	3430
276	2	1035	3431
277	2	3432	3431
278	3	1035	3433
279	3	3435	3434
280	3	3436	3434
281	3	1035	3437
282	3	1035	3438
283	3	1035	3439
284	3	1035	3440
285	3	3435	3441
286	3	3442	3441
287	2	3444	3443
288	2	3445	3443
289	3	3401	3447
290	3	3446	3448
291	3	3446	3449
292	3	3396	3450
293	3	3398	3450
294	3	3446	3451
295	3	3032	3452
296	3	3394	3453
297	3	3446	3453
298	3	3446	3454
299	3	3398	3455
300	3	3456	3455
301	3	3446	3457
302	3	3396	3458
303	3	3398	3458
304	2	3459	3458
305	3	3446	3460
306	2	3446	3461
307	2	3462	3461
308	2	3446	3463
309	2	3462	3463
310	3	3446	3464
311	3	3394	3465
312	3	3446	3466
313	3	3468	3467
314	3	3469	3467
315	3	3446	3470
316	3	3446	3471
317	3	3446	3472
318	3	3396	3473
319	3	3398	3473
320	3	3398	3474
321	3	3456	3474
322	3	3032	3475
323	3	3032	3476
324	2	3405	3477
325	2	3478	3477
326	3	3032	3479
327	3	3032	3480
328	3	3032	3481
329	3	3483	3482
330	3	3436	3482
331	3	3032	3484
332	3	3032	3485
333	3	3032	3486
334	3	3032	3487
335	3	3032	3488
336	3	3032	3489
337	3	3032	3490
338	3	3032	3491
339	3	3032	3492
340	3	3032	3493
341	3	3032	3494
342	3	3032	3495
343	3	3032	3496
344	3	3032	3497
345	3	3499	3498
346	3	3032	3500
347	2	3394	3502
348	2	3503	3502
349	2	3525	3526
350	2	3527	3526
351	2	3532	3531
352	2	3533	3531
353	3	3580	3579
354	2	3591	3590
355	2	3592	3590
356	2	3593	3590
357	2	342	3590
358	2	3594	3590
359	2	3627	3626
360	2	3628	3626
361	2	3629	3626
362	2	3630	3626
363	2	3633	3632
364	2	3633	3634
365	2	3638	3637
366	2	3639	3637
367	2	3640	3637
368	2	3641	3637
369	2	3642	3645
370	2	3647	3646
371	2	3649	3648
372	2	2968	3785
373	2	3786	3785
374	3	3808	3809
375	3	3810	3809
376	3	3810	3811
377	3	3812	3811
378	3	3808	3813
379	3	3814	3813
380	3	3814	3815
381	3	3812	3815
382	3	3814	3816
383	3	3817	3816
384	3	3860	3865
385	3	3860	3866
386	3	3860	3867
387	3	3890	3894
388	2	3954	3955
389	2	4030	4031
390	2	3057	4050
391	2	4052	4051
392	2	4053	4051
393	2	4054	4051
394	2	3592	4055
395	2	241	4055
396	2	3593	4055
397	2	342	4055
398	2	4056	4055
399	2	3594	4055
400	2	4033	4059
401	2	4058	4059
402	2	4060	4059
403	2	4061	4059
404	2	3891	4083
405	2	4047	4083
406	2	4084	4083
407	3	4086	4085
408	2	4087	4085
409	3	4086	4088
410	2	4089	4088
411	2	3592	4132
412	2	241	4132
413	2	4143	4142
414	2	4145	4144
415	2	4136	4146
416	2	4143	4146
417	2	4147	4146
418	2	4171	4170
419	2	3891	4172
420	2	4173	4172
421	2	4174	4172
422	2	4175	4172
423	2	3891	4176
424	2	4173	4176
425	2	4175	4176
426	2	4177	4176
427	2	3891	4178
428	2	4173	4178
429	2	4175	4178
430	2	4179	4178
431	2	3891	4180
432	2	4173	4180
433	2	4175	4180
434	2	4190	4189
435	2	4192	4191
436	2	4194	4193
437	2	4199	4198
438	2	241	4198
439	2	4199	4200
440	2	241	4200
441	2	4199	4201
442	2	241	4201
443	3	4034	4207
444	3	4208	4207
445	2	4034	4213
446	2	4214	4213
447	2	4034	4217
448	2	4218	4217
449	3	305	4223
450	2	4033	4224
451	2	4225	4224
452	2	4226	4224
453	2	4033	4229
454	2	4230	4229
455	2	4226	4229
456	3	4233	4232
457	3	4235	4234
458	3	4237	4236
459	2	4033	4238
460	2	4226	4238
461	3	4240	4239
462	3	4241	4239
463	3	4240	4243
464	3	4244	4243
465	2	4033	4246
466	2	4226	4246
467	2	4033	4247
468	2	4226	4247
469	2	4263	4262
470	2	4265	4264
471	2	4263	4264
472	2	4267	4266
473	2	4263	4266
474	3	4310	4311
475	2	4312	4311
476	2	4313	4311
477	3	4310	4314
478	2	4315	4314
479	2	4316	4314
480	2	4337	4336
481	2	4339	4340
482	2	4339	4341
483	2	4339	4342
484	3	4348	4347
485	2	3592	4355
486	2	241	4355
487	2	3593	4355
488	2	342	4355
489	2	4056	4355
490	2	3594	4355
491	2	4361	4360
492	2	4359	4366
493	2	241	4392
494	2	4394	4393
495	3	4419	4418
496	2	4431	4430
497	2	293	4430
498	2	4432	4430
499	2	4433	4430
500	2	4437	4438
501	2	4439	4438
502	2	4440	4438
503	2	4446	4445
504	2	4447	4448
505	3	4447	4449
506	3	4447	4450
507	3	4447	4451
508	2	4489	4488
509	2	3227	4488
510	2	4490	4491
511	2	76	4491
512	3	4490	4492
513	3	297	4492
514	2	4499	4498
515	2	4373	4500
516	2	4214	4500
517	2	4373	4521
518	3	4528	4527
519	3	3148	4529
520	2	4531	4530
521	2	4532	4530
522	2	4533	4530
523	2	3148	4530
524	2	4534	4530
525	2	4536	4535
526	2	4537	4535
527	3	83	4542
528	2	4553	4552
529	2	4555	4556
530	2	4557	4556
531	3	1039	4559
532	3	4560	4559
533	2	4561	4562
534	2	1110	4572
535	2	4056	4572
536	2	4574	4573
537	2	1110	4573
538	2	4576	4575
539	2	1110	4575
540	2	1110	4577
541	2	4578	4577
542	2	71	4582
543	2	96	4582
544	2	4593	4592
545	2	4594	4592
546	2	238	4595
547	3	4604	4603
548	2	2960	4607
549	2	4608	4607
550	2	4612	4611
551	2	407	4613
552	2	4614	4613
553	3	374	4617
554	3	4621	4622
555	2	4655	4654
556	2	3013	4664
557	2	310	4665
558	2	310	4666
559	3	4683	4682
560	2	4673	4682
561	2	4681	4682
562	2	4684	4682
563	2	4540	4685
564	2	4673	4685
565	2	4681	4685
566	2	4684	4685
567	2	4540	4686
568	2	4673	4686
569	2	4681	4686
570	2	4684	4686
571	2	4540	4687
572	2	4673	4687
573	2	4681	4687
574	2	4684	4687
575	2	4673	4688
576	2	4681	4688
577	2	4684	4688
578	2	4673	4689
579	2	4681	4689
580	2	4684	4689
581	2	4540	4690
582	2	4673	4690
583	2	4681	4690
584	2	4684	4690
585	3	4698	4697
586	3	4699	4697
587	3	4706	4707
588	2	4715	4714
589	2	265	4731
590	2	263	4731
591	2	4730	4731
592	2	605	4732
593	2	606	4732
594	2	599	4734
595	2	4730	4742
596	2	265	4743
597	2	263	4743
598	2	4730	4744
599	2	265	4745
600	2	263	4745
601	2	263	4746
602	2	4782	4781
603	2	311	4803
604	2	4804	4803
605	2	4805	4803
606	2	4816	4815
607	2	4824	4823
608	2	4825	4823
609	2	4827	4826
610	2	4831	4830
611	2	4832	4830
612	2	4834	4833
613	2	4835	4833
614	2	4827	4836
615	2	4838	4837
616	2	4831	4839
617	2	4831	4840
618	3	4842	4841
619	2	520	4864
620	3	4267	4898
621	3	4916	4915
622	2	4918	4917
623	2	4920	4919
624	2	1011	4944
625	2	4945	4944
626	2	4965	4964
627	2	4619	4977
628	2	4619	4978
629	2	4619	4979
630	2	3207	5089
631	2	5097	5098
632	2	5099	5098
633	2	5100	5098
634	2	5101	5098
635	2	5102	5098
636	2	5103	5098
637	2	5104	5098
638	2	5105	5098
639	3	5117	5116
640	2	5118	5116
641	2	5119	5116
642	2	5127	5126
643	3	5129	5128
644	2	3567	5131
645	2	5132	5131
646	2	5129	5131
647	2	5134	5133
648	2	5129	5133
649	2	3105	5135
650	2	5129	5135
651	2	3363	5136
652	2	5129	5136
653	2	5137	5136
654	2	3363	5138
655	2	5129	5138
656	2	3689	5139
657	2	3690	5139
658	2	3691	5139
659	2	5140	5139
660	2	5129	5141
661	2	5142	5141
662	2	5143	5141
663	2	3370	5144
664	2	5129	5144
665	2	5145	5144
666	2	5151	5150
667	2	5152	5150
668	2	5153	5150
669	3	5163	5162
670	3	3220	5165
671	3	5168	5167
672	2	3924	5170
673	2	304	5191
674	3	3109	5204
675	2	5207	5206
676	2	5209	5208
677	2	5215	5214
678	2	5216	5214
679	2	5217	5214
680	3	4013	5232
681	2	5255	5254
682	2	5259	5258
683	2	5262	5261
684	2	5266	5265
685	2	5289	5288
686	2	102	5288
687	2	5297	5299
688	2	539	5300
689	2	540	5300
690	2	5292	5307
691	2	5297	5307
692	2	5326	5325
693	3	2897	5328
694	2	2913	5329
695	3	2896	5330
696	3	2914	5331
697	3	2915	5332
698	2	5338	5337
699	2	5339	5337
700	2	5338	5340
701	2	5339	5340
702	3	5342	5341
703	2	404	5361
704	2	405	5361
705	2	406	5361
706	2	419	5361
707	2	421	5361
708	2	392	5362
709	2	400	5362
710	2	400	5363
711	2	415	5363
712	2	418	5363
713	2	278	5365
714	2	5369	5368
715	2	5374	5373
716	2	5375	5376
717	3	3263	5422
718	2	381	5423
719	2	4208	5432
720	2	37	5432
721	2	2968	5433
722	2	2967	5435
723	2	5436	5435
724	3	41	5440
725	2	5456	5455
726	2	5457	5455
727	2	41	5458
728	2	5459	5466
729	2	5460	5468
730	2	5469	5468
731	3	5476	5475
732	3	5478	5477
733	3	5480	5479
734	3	3395	5486
735	2	5484	5486
736	2	5487	5486
737	2	5488	5486
738	2	5599	5601
739	2	5604	5603
740	3	3703	5668
741	2	4547	5687
742	2	5701	5700
743	2	5702	5700
744	2	3361	5725
745	2	5726	5725
746	2	5734	5733
747	2	5735	5733
748	2	5761	5760
749	2	5762	5760
750	2	3313	5764
751	3	3569	5765
752	3	3787	5766
753	3	5769	5768
754	2	5776	5778
755	2	5777	5778
756	2	5785	5784
757	2	5773	5794
758	2	5800	5799
759	2	5801	5799
760	3	5802	5803
761	3	5804	5803
762	3	5805	5803
763	3	5806	5803
764	3	5802	5810
765	3	5811	5810
766	3	5812	5810
767	3	5777	5819
768	3	5779	5819
769	3	5802	5819
770	2	4508	5819
771	3	4523	5821
772	2	4208	5851
773	2	5836	5851
774	2	5857	5856
775	2	5858	5856
776	2	3148	5866
777	2	1357	5871
778	2	5870	5871
779	2	3419	5874
780	2	3419	5876
781	2	5879	5878
782	2	5879	5880
783	2	5899	5898
784	2	5900	5898
785	2	567	5901
786	2	3723	5932
787	2	5933	5932
788	2	5935	5934
789	2	5933	5934
790	3	5945	5944
791	3	5947	5946
792	2	3155	5954
793	2	103	6013
794	2	5996	6013
795	2	2898	6016
796	2	6021	6020
797	2	324	6043
798	2	6044	6043
799	2	5035	6051
800	2	324	6052
801	2	1014	6054
802	2	1016	6054
803	2	6078	6077
804	2	6092	6091
805	2	4188	6099
806	2	4320	6099
807	2	6100	6099
808	2	3635	6123
809	2	6148	6147
810	3	201	6159
811	3	201	6160
812	3	201	6161
813	2	201	6162
814	3	201	6163
815	2	6164	6166
816	2	6174	6175
817	2	6176	6175
818	2	6182	6187
819	2	6248	6247
820	2	6249	6247
821	2	6258	6257
822	2	6301	6300
823	2	6302	6300
824	2	6304	6306
825	2	6307	6306
826	2	6366	6367
827	2	6409	6408
828	2	6410	6408
829	2	6443	6444
830	2	6443	6445
831	2	984	6464
832	2	6465	6466
833	2	6465	6467
834	3	6463	6468
835	2	6465	6469
836	2	6470	6469
837	2	6472	6471
838	2	6474	6473
839	2	6465	6477
840	2	6479	6478
841	2	1088	6485
842	2	6486	6485
843	2	6489	6488
844	2	6490	6488
845	2	6505	6504
846	2	6506	6504
847	3	6526	6525
848	3	4619	6539
849	3	4621	6543
850	3	241	6549
851	3	342	6549
852	3	6550	6549
853	3	4371	6554
854	2	4206	6555
855	2	6556	6555
856	2	4021	6562
857	2	6563	6562
858	2	6564	6562
859	2	6565	6562
860	2	6566	6562
861	2	6567	6562
862	2	6568	6562
863	2	6576	6575
864	2	6577	6575
865	3	4348	6583
866	3	83	6584
867	3	6587	6586
868	2	3513	6594
869	2	3589	6615
870	2	4034	6615
871	2	2994	6617
872	2	6499	6624
873	3	4447	6637
874	3	3032	6659
875	3	1035	6662
876	3	3032	6663
877	3	3032	6665
878	3	3446	6666
879	3	4356	6673
880	3	6492	6673
881	2	6680	6679
882	2	6682	6681
883	2	6683	6681
884	3	6526	6687
885	2	6692	6691
886	3	6695	6694
887	3	6697	6696
888	3	6699	6698
889	3	6701	6700
890	3	6703	6702
891	2	6705	6704
892	3	6705	6706
893	2	2965	6719
894	3	6725	6724
895	2	4356	6733
896	2	4348	6733
897	2	1414	6756
898	2	6755	6756
899	2	6757	6756
900	2	6758	6756
901	2	6759	6756
902	2	6762	6761
903	2	6764	6763
904	2	3057	6768
905	3	3032	6774
906	2	6776	6775
907	3	83	6777
908	2	6780	6779
909	2	4187	6790
910	2	4320	6790
911	2	6100	6790
912	2	4033	6797
913	2	4226	6797
914	3	6831	6830
915	3	3446	6845
916	3	6849	6848
917	2	3592	6860
918	2	3593	6860
919	2	342	6860
920	2	4056	6860
921	2	3594	6860
922	2	6863	6862
923	3	6849	6864
924	2	600	6872
925	2	2986	6872
926	3	6553	6873
927	3	6874	6873
928	3	1035	6934
929	3	6946	6945
930	3	6948	6947
931	2	6951	6950
932	3	3032	6952
933	3	3446	6963
934	3	3396	6964
935	3	3032	6973
936	3	6773	6975
937	3	6982	6981
938	3	3401	6983
939	3	3446	6996
940	2	3236	7000
941	2	4339	7000
942	2	7001	7000
943	3	7007	7006
944	2	7010	7009
945	2	7011	7009
946	2	7012	7009
947	2	1170	7038
948	2	297	7038
949	2	1170	7039
950	2	3810	7039
951	3	3446	7042
952	2	7047	7046
953	2	7048	7046
954	2	4029	7049
955	2	7048	7049
956	2	2894	7056
957	2	2898	7056
958	2	6553	7056
959	2	2994	7056
960	3	304	7057
961	3	5396	7057
962	2	6668	7057
963	3	304	7058
964	3	4809	7058
965	3	304	7059
966	2	5861	7059
967	3	304	7060
968	3	5961	7060
969	2	4494	7062
970	2	7063	7062
971	2	7064	7062
972	2	7065	7062
973	2	7066	7062
974	2	7067	7062
975	2	2986	7078
976	2	5958	7078
977	3	175	7081
978	2	7082	7081
979	3	2977	7083
980	2	2967	7083
981	3	2977	7084
982	2	2971	7084
983	3	2977	7085
984	2	5968	7085
985	2	5209	7087
986	3	2977	7088
987	2	3148	7088
988	2	7089	7088
989	2	3155	7091
990	3	3443	7092
991	3	7111	7110
992	3	304	7123
993	2	1090	7123
994	2	2965	7123
995	2	241	7137
996	2	5438	7137
997	2	4594	7137
998	2	3592	7143
999	2	7144	7143
1000	2	7145	7143
1001	2	7146	7143
1002	3	7150	7149
1003	3	7151	7149
1004	2	7205	7204
1005	2	7206	7204
1006	3	3394	7212
1007	3	3139	7217
1008	2	7241	7240
1009	3	3398	7259
1010	3	3456	7259
1011	3	7311	7310
1012	3	7312	7310
1013	2	527	7334
1014	2	2901	7334
1015	2	3129	7334
1016	2	3721	7334
1017	2	6621	7334
1018	2	7335	7334
1019	3	3032	7336
1020	3	7339	7338
1021	3	3032	7415
1022	2	3570	7427
1023	2	7373	7427
1024	2	7428	7427
1025	2	7429	7427
1026	3	3446	7430
1027	3	3032	7431
1028	3	3032	7433
1029	2	6682	7436
1030	2	6683	7436
1031	2	7440	7439
1032	2	7441	7439
1033	3	3398	7442
1034	3	3469	7442
1035	3	3446	7459
1036	3	3410	7462
1037	3	3032	7465
1038	3	7470	7469
1039	3	3032	7476
1040	3	3032	7477
1041	3	3503	7488
1042	3	3032	7489
1043	3	3410	7490
1044	2	4015	7491
1045	2	7492	7491
1046	2	7493	7491
1047	2	7494	7491
1048	3	7511	7510
1049	2	7512	7510
1050	3	3410	7536
1051	3	5523	7559
1052	3	141	7560
1053	3	5524	7561
1054	2	7752	7754
1055	2	7752	7756
1056	2	7766	7765
1057	2	7767	7765
1058	3	7787	7786
1059	2	4862	7807
1060	2	3363	7824
1061	2	7825	7824
1062	2	7826	7824
1063	2	7829	7828
1064	3	7848	7847
1065	3	7871	7870
1066	2	7874	7875
1067	2	7876	7875
1068	2	7883	7882
1069	3	7758	7888
1070	3	83	7925
1071	2	7927	7926
1072	2	7928	7926
1073	2	7929	7926
1074	2	7930	7926
1075	2	7931	7926
1076	2	7932	7926
1077	3	7928	7933
1078	2	83	7934
1079	3	7929	7935
1080	2	83	7936
1081	3	7932	7937
1082	2	83	7938
1083	3	7927	7939
1084	2	83	7940
1085	2	83	7941
1086	2	83	7942
1087	2	83	7943
1088	2	83	7944
1089	2	83	7945
1090	2	83	7946
1091	2	83	7947
1092	2	83	7948
1093	2	83	7949
1094	2	83	7950
1095	3	7927	7951
1096	2	83	7952
1097	3	7932	7953
1098	2	83	7954
1099	3	3344	7955
1100	3	3344	7956
1101	3	3344	7957
1102	3	3344	7958
1103	2	41	7960
1104	2	42	7960
1105	2	7961	7960
1106	3	83	7962
1107	3	83	7963
1108	3	83	7964
1109	3	83	7965
1110	3	83	7966
1111	3	83	7967
1112	3	83	7968
1113	3	83	7969
1114	3	83	7971
1115	3	83	7972
1116	3	83	7973
1117	3	83	7974
1118	2	7977	7976
1119	2	8051	8050
1120	2	8052	8050
1121	3	6499	8058
1122	2	5900	8062
1123	3	8080	8079
1124	3	8082	8083
1125	3	8084	8085
1126	2	7879	8095
1127	2	7885	8096
1128	2	8097	8096
1129	2	7883	8098
1130	3	8238	8237
1131	3	8292	8291
1132	2	673	8368
1133	2	5773	8382
1134	3	7980	8383
1135	3	1089	8383
1136	3	3400	8427
1137	3	3396	8429
1138	2	8431	8430
1139	2	3752	8573
1140	2	4992	8573
1141	2	8574	8573
1142	3	5175	8583
1143	3	5176	8583
1144	3	5197	8583
1145	3	8584	8583
1146	3	5185	8585
1147	3	5186	8585
1148	3	5197	8585
1149	3	8584	8585
1150	2	8598	8597
1151	2	8599	8597
1152	2	8603	8602
1153	3	8641	8640
1154	3	8641	8642
1155	3	3394	8760
1156	3	1035	8760
1157	3	8975	8974
1158	2	2967	8974
1159	2	37	8974
1160	2	8976	8974
1161	3	8975	8977
1162	2	2967	8977
1163	2	37	8977
1164	2	8976	8977
1165	3	8984	8983
1166	2	2967	8983
1167	2	37	8983
1168	2	8976	8983
1169	3	8984	8985
1170	2	2967	8985
1171	2	37	8985
1172	2	8976	8985
1173	2	9104	9103
1174	2	9105	9103
1175	2	9107	9106
1176	2	9108	9106
1177	2	993	9267
1178	2	802	9276
1179	2	9277	9276
1180	2	9295	9294
1181	2	7048	9294
1182	2	9362	9361
1183	2	9363	9361
1184	3	9678	9677
1185	3	9680	9679
1186	3	83	9681
1187	3	83	9682
1188	3	83	9684
1189	3	83	9685
1190	2	83	9686
1191	3	9688	9687
1192	2	83	9689
1193	2	7977	9689
1194	3	9706	9705
1195	2	4034	9705
1196	2	9712	9711
1197	3	83	9716
1198	3	83	9717
1199	2	1147	9727
1200	2	6499	9729
1201	2	8332	9729
1202	2	342	9729
1203	2	9730	9729
1204	2	9731	9729
1205	2	6500	9737
1206	2	8059	9737
1207	2	8332	9737
1208	2	342	9737
1209	2	9730	9737
1210	2	9731	9737
1211	2	6500	9738
1212	2	8332	9738
1213	2	342	9738
1214	2	9730	9738
1215	2	9731	9738
1216	2	6500	9739
1217	2	8057	9739
1218	2	8332	9739
1219	2	342	9739
1220	2	9730	9739
1221	2	9731	9739
1222	2	6500	9740
1223	2	8059	9740
1224	2	8332	9740
1225	2	342	9740
1226	2	9730	9740
1227	2	9731	9740
1228	2	6500	9741
1229	2	8332	9741
1230	2	342	9741
1231	2	9730	9741
1232	2	9731	9741
1233	2	6501	9742
1234	2	8332	9742
1235	2	342	9742
1236	2	9730	9742
1237	2	9731	9742
1238	2	7874	9748
1239	2	9749	9748
1240	3	9751	9750
1241	3	9752	9750
1242	3	9753	9750
1243	3	9755	9754
1244	2	3227	9758
1245	2	7076	9847
1246	2	6758	9847
1247	2	9888	9887
1248	2	9889	9887
1249	2	9838	9915
1250	2	9916	9915
1251	2	4413	9926
1252	2	9868	9926
1253	2	9927	9926
1254	2	4356	9946
1255	2	7874	9946
1256	2	9947	9946
1257	2	9948	9946
1258	2	9749	9946
1259	2	9959	9958
1260	2	9960	9958
1261	2	9962	9961
1262	2	9963	9961
1263	2	9787	9974
1264	2	9788	9974
1265	2	4489	9974
1266	2	9851	9986
1267	2	9855	9986
1268	2	4433	9986
1269	2	293	9987
1270	2	294	9987
1271	2	9858	9987
1272	2	4433	9987
1273	2	9952	9990
1274	2	3227	9990
1275	2	9952	9991
1276	2	3227	9991
1277	2	9952	9992
1278	2	3227	9992
1279	2	4494	9993
1280	2	7064	9993
1281	2	9994	9993
1282	2	4494	9995
1283	2	7063	9995
1284	2	9994	9995
1285	2	3527	9997
1286	2	4494	9997
1287	2	9994	9997
1288	2	6570	10003
1289	2	9806	10003
1290	2	9803	10009
1291	2	9804	10009
1292	2	10010	10009
1293	2	9994	10009
1294	2	10011	10009
1295	2	4419	10012
1296	2	9884	10012
1297	2	4437	10016
1298	2	9812	10016
1299	2	9814	10016
1300	2	9815	10016
1301	2	9954	10016
1302	2	292	10023
1303	2	4441	10023
1304	2	9852	10023
1305	2	4457	10027
1306	2	9854	10027
1307	2	9866	10027
1308	2	10021	10027
1309	2	9874	10041
1310	2	9877	10041
1311	2	4433	10041
1312	2	3230	10050
1313	2	3231	10050
1314	2	3230	10070
1315	2	3231	10070
1316	2	4214	10072
1317	2	9909	10072
1318	2	3230	10078
1319	2	3231	10078
1320	2	7068	10085
1321	2	7069	10085
1322	2	10087	10086
1323	2	301	10086
1324	2	4794	10100
1325	2	9830	10100
1326	2	6758	10103
1327	2	6758	10104
1328	2	3592	10106
1329	2	4356	10106
1330	2	7874	10106
1331	2	6758	10106
1332	2	9947	10106
1333	2	9948	10106
1334	2	9749	10106
1335	2	7874	10107
1336	2	9931	10107
1337	2	10108	10107
1338	2	9947	10107
1339	2	9749	10107
1340	2	3592	10109
1341	2	6758	10109
1342	2	7768	10111
1343	2	2994	10111
1344	2	36	10111
1345	2	37	10111
1346	2	7755	10118
1347	2	9945	10118
1348	2	7076	10119
1349	2	10120	10119
1350	2	10125	10124
1351	2	292	10140
1352	2	9862	10140
1353	2	9863	10140
1354	2	4419	10146
1355	2	9844	10146
1356	2	10155	10154
1357	2	10156	10154
1358	2	10157	10154
1359	2	9820	10160
1360	2	9956	10160
1361	2	9916	10160
1362	3	9965	10161
1363	3	10162	10161
1364	3	10163	10161
1365	3	10164	10161
1366	2	9856	10172
1367	2	9861	10172
1368	2	9866	10172
1369	2	9951	10172
1370	2	9952	10172
1371	2	10021	10172
1372	2	4472	10180
1373	2	9828	10180
1374	2	10179	10180
1375	2	9802	10190
1376	2	9952	10190
1377	2	10191	10190
1378	2	9856	10211
1379	2	9861	10211
1380	2	9866	10211
1381	2	10061	10211
1382	2	97	10212
1383	2	4422	10212
1384	2	9850	10212
1385	2	9857	10212
1386	2	10069	10212
1387	2	4441	10215
1388	2	9852	10215
1389	2	10069	10215
1390	2	9853	10216
1391	2	10069	10216
1392	2	10217	10216
1393	2	293	10218
1394	2	294	10218
1395	2	9858	10218
1396	2	10068	10218
1397	2	4471	10229
1398	2	4472	10229
1399	2	4489	10229
1400	2	10207	10229
1401	2	10101	10233
1402	3	7874	10253
1403	3	9749	10253
1404	2	6758	10254
1405	3	10255	10256
1406	2	7076	10430
1407	2	6758	10430
1408	2	10471	10470
1409	2	10472	10470
1410	3	83	10528
1411	2	10576	10575
1412	3	9954	10577
1413	3	9950	10578
1414	3	9949	10579
1415	2	6500	10605
1416	2	8059	10605
1417	2	8332	10605
1418	2	342	10605
1419	2	9730	10605
1420	2	9731	10605
1421	2	3394	10609
1422	2	3394	10610
1423	2	3148	10657
1424	2	3592	10660
1425	2	10661	10660
1426	2	3592	10663
1427	2	10664	10663
1428	2	10665	10663
1429	2	10666	10663
1430	2	10667	10663
1431	2	10668	10663
1432	3	2961	10720
1433	3	304	10720
1434	3	5396	10720
1435	3	5397	10720
1436	3	2962	10721
1437	3	304	10721
1438	3	5396	10721
1439	3	5398	10721
1440	3	304	10722
1441	3	5396	10722
1442	3	5399	10722
1443	3	6619	10722
1444	3	5118	10737
1445	2	10746	10745
1446	2	10747	10745
1447	2	10748	10745
1448	2	10746	10749
1449	2	10747	10749
1450	2	10748	10749
1451	2	3148	10756
1452	2	3148	10758
1453	2	3148	10759
1454	3	10782	10781
1455	2	10783	10781
1456	3	7511	10787
1457	2	7512	10787
1458	2	737	10806
1459	2	747	10806
1460	2	831	10806
1461	2	2920	10806
1462	2	737	10807
1463	2	747	10807
1464	2	831	10807
1465	2	2920	10807
1466	3	3396	10834
1467	3	3398	10834
1468	3	3396	10835
1469	3	3398	10835
1470	2	4258	10844
1471	2	10845	10844
1472	2	10846	10844
1473	3	9751	10849
1474	3	9752	10849
1475	3	9753	10849
1476	2	9751	10850
1477	2	9752	10850
1478	2	9753	10850
1479	3	9751	10851
1480	2	3649	10855
1481	3	2986	10865
1482	3	10869	10868
1483	3	4361	10880
1484	3	5957	10882
1485	2	241	10886
1486	2	6084	10886
1487	2	342	10886
1488	2	10878	10886
1489	3	7787	10888
1490	3	5769	10889
1491	3	6695	10890
1492	3	6697	10891
1493	3	6699	10892
1494	3	6701	10893
1495	3	6703	10894
1496	3	299	10954
1497	3	3162	10955
1498	3	299	10955
1499	3	10087	10956
1500	3	301	10956
1501	2	10969	10968
1502	3	3419	10987
1503	3	3446	10991
1504	3	3446	10992
1505	2	4090	11004
1506	2	3721	11016
1507	2	11014	11016
1508	2	11022	11021
1509	2	11023	11021
1510	2	11022	11024
1511	2	11023	11024
1512	2	11022	11025
1513	2	11023	11025
1514	2	744	11036
1515	2	826	11036
1516	2	11037	11036
1517	2	744	11038
1518	2	826	11038
1519	2	11039	11038
1520	2	833	11040
1521	2	895	11040
1522	2	11039	11040
1523	2	833	11041
1524	2	895	11041
1525	2	11039	11041
1526	2	2972	11056
1527	2	5336	11058
1528	2	11093	11092
1529	2	11094	11104
1530	2	11105	11111
1531	2	11112	11117
1532	2	7242	11123
1533	2	11124	11123
1534	2	7241	11125
1535	2	11126	11130
1536	2	11131	11138
1537	2	11139	11142
1538	2	11143	11146
1539	2	3313	11153
1540	2	3787	11153
1541	2	11154	11158
1542	2	11159	11162
1543	2	11163	11176
1544	2	11183	11187
1545	3	10736	11191
1546	3	11078	11191
1547	3	10736	11192
1548	3	11079	11192
1549	3	10736	11193
1550	3	11080	11193
1551	2	5118	11196
1552	2	11213	11220
1553	2	11224	11226
1554	3	3396	11253
1555	3	3032	11256
1556	2	11257	11263
1557	3	11264	11268
1558	2	11277	11281
1559	2	11282	11286
1560	2	11287	11292
1561	2	11276	11297
1562	2	11301	11305
1563	2	11307	11312
1564	2	11313	11317
1565	2	11300	11320
1566	2	11326	11330
1567	2	11081	11348
1568	2	3860	11353
1569	2	4033	11353
1570	2	6169	11353
1571	2	3860	11354
1572	2	4033	11354
1573	2	6169	11354
1574	2	3860	11355
1575	2	4033	11355
1576	2	6169	11355
1577	2	4320	11358
1578	2	11359	11358
1579	2	4320	11360
1580	2	11361	11360
1581	3	3446	11363
1582	3	3468	11364
1583	3	3442	11364
1584	2	11367	11366
1585	2	5356	11379
1586	2	5359	11380
1587	2	5372	11381
1588	3	1035	11382
1589	2	3592	11383
1590	2	241	11383
1591	2	3592	11384
1592	2	241	11384
1593	3	1051	11387
1594	3	1051	11388
1595	3	4029	11392
1596	2	744	11398
1597	2	752	11398
1598	2	826	11398
1599	2	5349	11398
1600	2	11429	11431
1601	2	11432	11431
1602	3	3446	11436
1603	2	3592	11437
1604	2	241	11437
1605	3	11439	11438
1606	2	3432	11440
1607	2	11439	11440
1608	3	11439	11441
1609	3	3436	11445
1610	2	3592	11449
1611	2	11450	11449
1612	2	11451	11449
1613	2	11378	11459
1614	2	11471	11470
1615	2	11472	11470
1616	2	5434	11478
1617	2	5961	11478
1618	2	36	11478
1619	2	37	11478
1620	3	3446	11479
1621	3	11484	11483
1622	2	2967	11483
1623	2	37	11483
1624	2	8976	11483
1625	3	3436	11492
1626	3	3468	11496
1627	3	7848	11497
1628	3	3483	11498
1629	2	4033	11507
1630	3	11514	11513
1631	2	3642	11519
1632	2	3638	11519
1633	2	11520	11519
1634	2	11534	11533
1635	3	11538	11537
1636	3	11540	11539
1637	3	7871	11541
1638	3	11547	11548
1639	2	833	11561
1640	2	895	11561
1641	2	11039	11561
1642	2	3592	11562
1643	2	241	11562
1644	3	3456	11563
1645	2	11572	11571
1646	2	11679	11678
1647	2	11781	11864
1648	2	11861	11864
1649	2	11781	11878
1650	2	11861	11878
1651	3	5438	11892
1652	2	11684	11914
1653	2	5496	11935
1654	3	12125	12124
1655	2	12376	12375
1656	2	12377	12375
1657	2	5531	12450
1658	2	5542	12450
1659	2	6487	12508
1660	2	12509	12508
1661	2	83	12516
1662	2	4769	12517
1663	2	3722	12518
1664	2	3723	12518
1665	2	100	12524
1666	2	12543	12544
1667	2	12552	12551
1668	2	3594	12551
1669	2	3735	12553
1670	2	12554	12553
1671	2	12569	12568
1672	3	12569	12574
1673	3	3499	12628
1674	3	3032	12629
1675	2	12689	12688
1676	2	12690	12688
1677	2	12701	12700
1678	3	3558	12750
1679	3	5513	12750
1680	3	3560	12751
1681	3	5513	12751
1682	3	5545	12915
1683	3	7522	12915
1684	2	3753	12983
1685	2	3752	13043
1686	2	13044	13043
1687	2	5707	13135
1688	2	13134	13135
1689	2	13176	13175
1690	2	4814	13177
1691	2	4813	13178
1692	2	13212	13211
1693	2	13213	13211
1694	2	13215	13214
1695	2	13216	13214
1696	2	13230	13237
1697	2	13230	13238
1698	2	13230	13239
1699	3	5496	13241
1700	3	7152	13242
1701	3	7547	13243
1702	2	7233	13251
1703	2	7472	13251
1704	2	13262	13263
1705	3	13274	13273
1706	3	13276	13275
1707	3	13278	13277
1708	3	7874	13279
1709	3	10746	13279
1710	3	10747	13279
1711	3	8099	13281
1712	2	297	13286
1713	2	7874	13286
1714	2	9749	13286
1715	2	3810	13287
1716	2	7874	13287
1717	2	9749	13287
1718	2	7874	13288
1719	2	9749	13288
1720	2	7874	13289
1721	2	9749	13289
1722	2	13291	13290
1723	2	13292	13290
1724	2	7874	13293
1725	2	9749	13293
1726	2	4939	13302
1727	2	7757	13302
1728	3	13314	13313
1729	3	13322	13321
1730	3	13324	13323
1731	3	6688	13332
1732	2	13370	13369
1733	2	13371	13369
1734	2	11368	13375
1735	2	11369	13375
1736	2	13377	13376
1737	3	14028	14027
1738	3	14035	14034
1739	3	14023	14056
1740	2	14092	14091
1741	2	4173	14093
1742	2	14094	14093
1743	2	6135	14095
1744	2	6607	14095
1745	2	14096	14095
1746	2	14098	14097
1747	2	14099	14097
1748	2	14100	14097
1749	2	4034	14101
1750	2	14098	14101
1751	2	14102	14101
1752	2	14100	14101
1753	2	14104	14103
1754	2	14106	14105
1755	2	14098	14107
1756	2	14100	14107
1757	2	2446	14111
1758	2	14113	14114
1759	2	4034	14127
1760	2	4173	14127
1761	2	14102	14127
1762	2	8242	14128
1763	2	8332	14128
1764	2	8460	14128
1765	2	8461	14128
1766	2	8608	14128
1767	2	4034	14129
1768	2	4173	14129
1769	2	14130	14129
1770	2	14102	14129
1771	2	4034	14131
1772	2	14132	14131
1773	2	14134	14133
1774	2	14134	14136
1775	2	9508	14137
1776	2	14134	14137
1777	2	14134	14138
1778	2	4034	14140
1779	2	4173	14140
1780	2	14141	14140
1781	2	4173	14142
1782	2	14143	14142
1783	2	4034	14144
1784	2	4173	14144
1785	2	14102	14144
1786	2	4034	14147
1787	2	4173	14147
1788	2	14148	14147
1789	2	4034	14149
1790	2	4173	14149
1791	2	2924	14150
1792	2	4339	14150
1793	2	8215	14150
1794	2	14134	14155
1795	2	14134	14156
1796	2	14157	14156
1797	2	8679	14158
1798	2	14134	14158
1799	2	8679	14159
1800	2	14134	14159
1801	2	14134	14160
1802	2	8680	14161
1803	2	14134	14161
1804	2	8679	14162
1805	2	14134	14162
1806	2	14164	14163
1807	2	14169	14168
1808	2	14170	14168
1809	2	5837	14171
1810	2	3044	14174
1811	3	3032	14181
1812	3	4620	14184
1813	3	2994	14184
1814	3	3594	14184
1815	3	14185	14184
1816	3	5276	14197
1817	3	2968	14203
1818	3	4571	14203
1819	3	2968	14204
1820	2	2968	14205
1821	2	4034	14205
1822	2	7752	14215
1823	2	7752	14216
1824	3	7932	14217
1825	2	83	14218
1826	2	12567	14219
1827	2	14220	14219
1828	2	8052	14225
1829	3	8117	14236
1830	3	8117	14237
1831	3	8117	14238
1832	2	14242	14241
1833	2	14243	14241
1834	2	5906	14255
1835	2	14257	14256
1836	2	3053	14256
1837	2	2555	14285
1838	2	2530	14286
1839	3	9293	14299
1840	3	5773	14317
1841	3	9954	14317
1842	3	5777	14318
1843	3	5779	14318
1844	2	4508	14318
1845	2	2967	14325
1846	2	37	14325
1847	2	8976	14325
1848	2	2967	14326
1849	2	37	14326
1850	2	8976	14326
1851	2	2967	14327
1852	2	37	14327
1853	2	8976	14327
1854	2	2967	14328
1855	2	37	14328
1856	2	8976	14328
1857	2	2967	14329
1858	2	37	14329
1859	2	8976	14329
1860	3	14365	14364
1861	3	3032	14404
1862	3	3446	14434
1863	3	4030	14435
1864	2	14451	14450
1865	2	14452	14450
1866	3	4763	14484
1867	3	14486	14485
1868	2	5367	14489
1869	3	4870	14490
1870	2	5366	14490
1871	2	5367	14490
1872	3	4871	14491
1873	2	5367	14491
1874	2	14509	14508
1875	2	2994	14523
1876	2	827	14524
1877	2	828	14524
1878	2	2936	14524
1879	3	3446	14525
1880	3	3032	14526
1881	3	3032	14527
1882	3	3446	14528
1883	3	3446	14529
1884	3	11514	14537
1885	3	5959	14565
1886	3	201	14573
1887	3	201	14574
1888	3	201	14575
1889	3	201	14576
1890	3	201	14577
1891	3	201	14578
1892	3	6463	14579
1893	2	6474	14580
1894	2	6472	14581
1895	3	8300	14582
1896	2	5985	14583
1897	2	14584	14583
1898	2	2990	14591
1899	2	41	14612
1900	2	42	14612
1901	2	744	14630
1902	2	826	14630
1903	2	5348	14630
1904	2	4717	6948
1905	2	2957	6948
1906	3	2957	14486
1907	3	6865	14631
1908	3	10969	14659
1909	3	4030	14660
1910	3	4030	14661
1911	3	3396	14691
1912	3	3410	14692
1913	2	14715	14714
1914	2	14717	14716
1915	2	14737	14736
1916	2	14738	14736
1917	3	1035	14769
1918	2	15008	15007
1919	2	15010	15009
1920	2	5879	15038
1921	2	4540	15078
1922	2	15079	15078
1923	3	1035	15140
1924	3	3401	15400
1925	3	3503	15400
1926	2	111	15593
1927	2	112	15593
1928	2	9940	16238
1929	2	9940	16239
1930	2	9940	16240
1931	2	5773	16513
1932	2	17089	17088
1933	2	10845	17090
1934	2	17092	17091
1935	2	652	17153
1936	2	653	17153
1937	2	655	17165
1938	2	656	17165
1939	3	17202	17201
1940	3	17204	17203
1941	2	17229	17228
1942	3	3446	17232
1943	3	17630	17629
1944	3	17631	17629
1945	3	17633	17632
1946	3	17634	17632
1947	3	17636	17635
1948	3	17637	17635
1949	2	3935	17675
1950	2	14399	17675
1951	2	17676	17675
1952	2	17677	17675
1953	3	3787	17712
1954	2	17713	17712
1955	2	11570	17768
1956	2	17769	17768
1957	2	17771	17770
1958	2	17769	17770
1959	2	17851	17850
1960	2	17852	17850
1961	2	17872	17871
1962	2	17873	17871
1963	2	17990	17989
1964	2	17991	17989
1965	3	18154	18156
1966	2	10232	18298
1967	2	16385	18298
1968	2	2924	18302
1969	2	5353	18302
1970	2	14626	18302
1971	2	2925	18302
1972	2	11094	18832
1973	2	11093	18833
1974	2	11160	18836
1975	2	19042	19041
1976	2	6376	19043
1977	2	19040	19043
1978	2	19044	19043
1979	2	10887	19045
1980	2	19046	19045
1981	2	2450	19054
1982	2	19055	19054
1983	2	19056	19054
1984	2	19217	19218
1985	2	19219	19218
1986	2	19234	19233
1987	2	19235	19233
1988	3	19400	19399
1989	2	4034	19487
1990	2	19320	19487
1991	2	14102	19487
1992	2	19488	19487
1993	2	19491	19490
1994	2	19493	19492
1995	2	6053	19900
1996	3	19903	19902
1997	3	19962	19961
1998	3	19964	19963
1999	3	19966	19965
2000	2	20860	20862
2001	2	20861	20862
2002	2	2968	20919
2003	3	3446	20920
2004	3	20923	20922
2005	3	4320	20943
2006	3	4240	20943
2007	2	3592	20949
2008	2	14294	20949
2009	2	3592	20957
2010	2	6085	20957
2011	2	5481	20964
2012	2	20965	20964
2013	2	5482	20966
2014	2	20967	20966
2015	2	4052	20980
2016	2	4053	20980
2017	2	4054	20980
2018	2	4052	20983
2019	2	4053	20983
2020	2	4054	20983
2021	2	3230	21018
2022	2	3231	21018
2023	3	21020	21019
2024	3	241	21028
2025	2	14509	21141
2026	2	21142	21141
2027	2	13230	21152
2028	2	13230	21153
2029	3	3456	21174
2030	2	21195	21194
2031	2	21196	21194
2032	2	12511	21248
2033	2	21249	21248
2034	3	21344	21343
2035	3	3396	21417
2036	2	15990	21438
2037	3	3394	21531
2038	2	13377	21618
2039	3	21624	21623
2040	3	13338	21628
2041	3	21788	21787
2042	2	21864	21863
2043	2	21865	21863
2044	2	21872	21871
2045	3	3401	22049
2046	3	6631	22158
2047	2	3057	22240
2048	2	3592	22240
2049	2	3593	22240
2050	2	8433	22240
2051	2	22241	22240
2052	2	3057	22242
2053	2	3592	22242
2054	2	3017	22242
2055	2	8433	22242
2056	2	22241	22242
2057	3	7218	22474
2058	3	22475	22474
2059	3	22476	22474
2060	3	22477	22474
2061	3	22568	22567
2062	3	22569	22567
2063	3	3483	22593
2064	2	17613	22907
2065	3	22851	23116
2066	3	22852	23116
2067	3	22839	23119
2068	3	22842	23119
2069	2	23147	23165
2070	2	4053	23583
2071	2	3055	23583
2072	2	21138	23591
2073	2	21137	23592
2074	2	23593	23592
2075	3	7848	23596
2076	2	23611	23614
2077	2	23613	23614
2078	3	16905	23615
2079	3	23663	23664
2080	3	23663	23665
2081	3	1238	23666
2082	2	1238	23667
2083	2	1238	23668
2084	2	1238	23669
2085	3	23703	23702
2086	2	23723	23722
2087	2	2265	23788
2088	2	4047	23788
2089	2	14252	23788
2090	3	23845	23846
2091	3	23848	23847
2092	3	23850	23849
2093	2	23853	23852
2094	2	23854	23852
2095	3	23875	23874
2096	3	23876	23874
2097	2	24011	24010
2098	2	24013	24012
2099	2	24253	24252
2100	2	14908	24286
2101	2	14910	24286
2102	2	14909	24287
2103	2	14911	24287
2104	2	4208	24312
2105	2	5836	24312
2106	2	4208	24313
2107	2	5836	24313
2108	2	3155	24327
2109	2	3155	24328
2110	2	14913	24344
2111	2	14916	24344
2112	2	14914	24345
2113	2	14917	24345
2114	3	54	24382
2115	2	24384	24383
2116	2	5338	24402
2117	2	5339	24402
2118	2	5338	24403
2119	2	5339	24403
2120	2	5338	24404
2121	2	5339	24404
2122	2	5338	24405
2123	2	5339	24405
2124	2	7590	24638
2125	2	24639	24638
2126	2	7591	24640
2127	2	24641	24640
2128	2	24645	24644
2129	2	24646	24644
2130	2	24648	24647
2131	2	24649	24647
2132	3	12483	24700
2133	3	12482	24701
2134	3	21083	24704
2135	3	12448	24706
2136	3	12451	24718
2137	3	12502	24733
2138	3	12392	24735
2139	3	12407	24737
2140	3	13074	24739
2141	3	12440	24740
2142	3	12477	24743
2143	3	12485	24744
2144	3	12470	24746
2145	3	12471	24747
2146	3	12472	24748
2147	3	12473	24749
2148	3	12488	24751
2149	3	12496	24761
2150	3	12497	24763
2151	3	12495	24765
2152	3	12740	24767
2153	3	12804	24768
2154	3	12491	24770
2155	3	12503	24772
2156	3	12494	24774
2157	3	13076	24776
2158	3	13102	24797
2159	3	12421	24803
2160	3	12424	24805
2161	3	12412	24807
2162	3	12460	24809
2163	2	24913	24912
2164	2	24914	24912
2165	2	10431	25040
2166	3	3410	25058
2167	3	3410	25059
2168	2	14459	25087
2169	2	19050	25087
2170	2	19046	25088
2171	3	363	25109
2172	2	6465	25110
2173	2	6470	25110
2174	2	25295	25294
2175	2	648	25294
2176	3	25337	25336
2177	2	21620	25385
2178	3	10852	26502
2179	3	11454	26530
2180	3	26536	26535
2181	3	26538	26537
2182	3	26611	26610
2183	2	26815	26814
2184	2	26815	26816
2185	2	27242	27241
2186	3	3401	27634
2187	3	3401	27635
2188	3	6773	27636
2189	2	25402	27672
2190	2	14697	27725
2191	3	27949	27948
2192	3	304	27997
2193	3	5773	27997
2194	3	28222	28221
2195	3	6631	28481
2196	3	3396	28504
2197	3	3396	28505
2198	3	3396	28506
2199	3	1035	28511
2200	3	3032	28512
2201	3	6631	28517
2202	3	6631	28522
2203	3	6631	28525
2204	3	6631	28526
2205	2	3057	28728
2206	2	3592	28728
2207	2	3024	28728
2208	2	3057	28729
2209	2	6764	28729
2210	2	3057	28730
2211	2	6762	28730
2212	2	2982	28872
2213	2	8185	28872
2214	2	18067	28872
2215	2	28871	28872
2216	2	28873	28872
2217	3	22871	28910
2218	3	22872	28910
2219	3	22837	28914
2220	3	22838	28914
2221	3	22869	28939
2222	3	22870	28939
2223	2	4397	28999
2224	2	4397	29001
2225	2	4397	29003
2226	3	22840	29179
2227	3	22841	29179
2228	3	22835	29240
2229	3	22836	29240
2230	2	30032	30031
2231	2	30033	30031
2232	2	30039	30038
2233	2	30040	30038
2234	2	23317	30095
2235	2	23317	30096
2236	2	30376	30375
2237	2	30384	30385
2238	2	30386	30385
2239	2	30662	30661
2240	2	31423	31422
2241	2	29782	32008
2242	2	29783	32008
2243	3	32032	32031
2244	3	32032	32033
2245	2	16835	33245
2246	2	18575	33245
2247	2	33020	33245
2248	2	33145	33245
2249	2	33163	33245
2250	2	4095	33663
2251	2	4339	33663
2252	2	33659	33663
2253	2	33661	33663
2254	2	33662	33663
2255	2	157	34257
2256	2	2924	34257
2257	2	14626	34257
2258	2	2925	34257
2259	3	5961	34412
2260	3	22853	34524
2261	3	22854	34524
2262	3	22855	34525
2263	3	22856	34525
2264	3	22843	34576
2265	3	22844	34576
2266	3	22845	34577
2267	3	22846	34577
2268	3	22849	34578
2269	3	22850	34578
2270	3	22847	34579
2271	3	22848	34579
2272	3	22857	34816
2273	3	22858	34816
2274	3	22859	34820
2275	3	22860	34820
2276	3	22861	34848
2277	3	22862	34848
2278	3	22863	34849
2279	3	22864	34849
2280	3	22865	34851
2281	3	22866	34851
2282	2	34900	34899
2283	2	34901	34899
2284	2	4400	35310
2285	3	37038	37037
2286	3	37069	37068
2287	2	38036	38035
2288	2	8906	38297
2289	2	9063	38298
2290	2	9062	38299
2291	2	22205	40243
2292	2	16764	40244
2293	2	16765	40245
2294	2	15671	40927
2295	2	15672	40928
2296	2	11439	40929
2297	3	3376	41952
2298	2	23018	42220
2299	2	8827	42333
2300	2	38998	42440
2301	2	39000	42440
2302	2	38999	42441
2303	2	39174	42441
2304	2	157	42477
2305	2	2924	42477
2306	2	14626	42477
2307	2	2925	42477
2308	3	35631	42572
2309	2	15379	42741
2310	2	37128	42741
2311	2	15379	42742
2312	2	37129	42742
2313	2	15379	42743
2314	2	37130	42743
2315	2	28689	43256
2316	2	17229	43493
